0.707107
0.701575
0.685238
0.658850
0.623606
0.581047
0.532956
0.481226
0.427745
0.374282
0.701575
0.707107
0.701575
0.685238
0.658850
0.623606
0.581047
0.532956
0.481226
0.427745
0.685238
0.701575
0.707107
0.701575
0.685238
0.658850
0.623606
0.581047
0.532956
0.481226
0.658850
0.685238
0.701575
0.707107
0.701575
0.685238
0.658850
0.623606
0.581047
0.532956
0.623606
0.658850
0.685238
0.701575
0.707107
0.701575
0.685238
0.658850
0.623606
0.581047
0.581047
0.623606
0.658850
0.685238
0.701575
0.707107
0.701575
0.685238
0.658850
0.623606
0.532956
0.581047
0.623606
0.658850
0.685238
0.701575
0.707107
0.701575
0.685238
0.658850
0.481226
0.532956
0.581047
0.623606
0.658850
0.685238
0.701575
0.707107
0.701575
0.685238
0.427745
0.481226
0.532956
0.581047
0.623606
0.658850
0.685238
0.701575
0.707107
0.701575
0.374282
0.427745
0.481226
0.532956
0.581047
0.623606
0.658850
0.685238
0.701575
0.707107
