0.000000
-0.000061
0.000000
0.000031
0.000061
0.000031
-0.000031
-0.000031
-0.000031
0.000031
0.000031
0.000031
0.000000
-0.000031
-0.000031
0.000000
0.000031
0.000031
-0.000031
-0.000061
-0.000031
0.000031
0.000061
0.000000
0.000000
-0.000061
-0.000031
0.000000
0.000031
0.000031
0.000000
-0.000031
-0.000031
0.000031
0.000031
0.000031
0.000000
-0.000031
-0.000031
0.000000
0.000031
0.000031
-0.000031
0.000000
-0.000031
0.000031
0.000031
0.000031
0.000031
0.000000
-0.000031
0.000000
0.000000
0.000031
0.000000
0.000000
-0.000031
0.000000
0.000031
0.000031
-0.000031
-0.000031
0.000000
0.000000
0.000000
0.000000
0.000031
-0.000031
-0.000031
0.000000
0.000000
0.000031
0.000031
-0.000031
0.000000
0.000000
-0.000061
0.000092
0.000031
-0.000061
0.000031
0.000061
0.000031
-0.000061
0.000000
0.000031
0.000000
-0.000061
0.000000
0.000061
0.000031
-0.000031
-0.000031
0.000000
0.000031
0.000000
0.000000
0.000000
0.000000
0.000000
0.000000
0.000000
0.000000
0.000000
-0.000031
0.000000
0.000000
0.000000
0.000000
0.000000
0.000000
0.000031
0.000031
0.000000
0.000000
0.000000
0.000000
0.000000
0.000000
0.000000
0.000031
0.000000
0.000000
0.000000
0.000031
0.000000
0.000031
0.000031
0.000031
0.000000
0.000000
0.000000
0.000031
0.000000
0.000000
-0.000031
0.000000
0.000000
0.000000
-0.000031
0.000031
0.000000
-0.000031
0.000000
0.000031
0.000000
0.000000
-0.000031
-0.000031
0.000000
0.000031
0.000000
-0.000031
0.000000
-0.000031
0.000031
0.000031
0.000000
0.000000
0.000000
0.000000
0.000031
0.000000
0.000000
-0.000031
0.000000
-0.000031
0.000031
0.000031
0.000000
0.000000
-0.000031
0.000000
0.000031
0.000031
-0.000031
0.000000
-0.000031
0.000000
0.000031
0.000031
0.000031
-0.000031
-0.000031
0.000000
0.000000
0.000000
0.000000
-0.000031
-0.000031
0.000000
0.000000
0.000031
0.000000
0.000000
-0.000031
0.000000
0.000000
0.000000
0.000031
0.000000
0.000000
-0.000031
0.000000
0.000031
0.000000
0.000000
0.000000
0.000000
0.000000
0.000031
0.000000
0.000031
0.000000
-0.000031
0.000000
0.000000
0.000031
-0.000031
0.000031
-0.000031
-0.000031
0.000061
0.000000
-0.000031
0.000000
0.000000
0.000000
-0.000031
0.000000
0.000031
0.000000
-0.000031
0.000000
0.000031
0.000031
0.000000
-0.000031
0.000000
0.000031
0.000000
0.000000
-0.000031
0.000000
0.000000
-0.000031
0.000000
0.000031
0.000000
-0.000031
0.000000
-0.000031
0.000031
-0.000031
-0.000031
0.000000
0.000000
0.000000
0.000000
0.000000
0.000000
0.000000
-0.000031
0.000000
0.000000
0.000031
0.000000
0.000000
0.000000
0.000031
0.000000
0.000000
0.000000
0.000000
0.000031
-0.000031
0.000000
0.000000
0.000031
0.000000
0.000000
0.000031
0.000031
-0.000031
0.000000
0.000031
0.000000
0.000000
0.000000
0.000000
0.000000
0.000031
0.000000
-0.000031
0.000000
0.000031
0.000031
-0.000031
0.000000
0.000000
0.000031
0.000000
-0.000031
-0.000031
0.000000
0.000000
0.000000
0.000000
0.000000
-0.000031
0.000000
0.000031
0.000031
0.000000
0.000031
-0.000031
0.000000
0.000000
0.000031
0.000000
0.000000
-0.000031
-0.000031
0.000000
0.000031
0.000000
-0.000031
-0.000031
-0.000031
0.000000
0.000000
0.000000
0.000000
0.000000
-0.000031
-0.000031
0.000000
0.000031
0.000000
-0.000031
0.000000
0.000000
0.000000
0.000031
0.000000
0.000000
0.000000
0.000000
0.000000
0.000000
0.000000
-0.000031
-0.000031
0.000031
0.000031
0.000000
0.000000
-0.000031
0.000000
0.000031
-0.000031
0.000031
-0.000031
0.000000
0.000000
-0.000031
-0.000031
0.000031
-0.000031
-0.000031
0.000000
0.000031
0.000000
-0.000031
0.000000
-0.000031
0.000031
0.000000
-0.000031
0.000000
0.000000
0.000000
-0.000031
0.000000
0.000061
0.000031
0.000031
0.000000
0.000000
0.000000
0.000000
0.000031
0.000000
0.000031
0.000000
0.000000
0.000031
0.000000
0.000031
0.000000
0.000031
0.000000
0.000000
0.000000
0.000031
0.000031
0.000061
0.000000
0.000000
-0.000031
-0.000031
0.000031
0.000031
0.000031
0.000031
0.000000
0.000000
0.000000
0.000031
0.000031
0.000031
0.000000
0.000000
-0.000031
-0.000031
0.000031
0.000061
0.000000
0.000000
0.000000
-0.000031
0.000000
0.000000
0.000000
0.000000
0.000000
0.000000
-0.000031
-0.000031
0.000000
0.000000
0.000061
0.000000
-0.000031
-0.000061
0.000000
0.000031
0.000031
0.000031
-0.000031
-0.000031
0.000000
0.000000
0.000000
0.000031
0.000031
0.000000
0.000000
-0.000031
0.000000
-0.000031
-0.000031
0.000031
0.000000
0.000000
-0.000031
0.000000
-0.000031
0.000031
0.000031
0.000000
0.000000
-0.000031
0.000000
-0.000031
0.000000
0.000000
0.000031
0.000000
-0.000031
-0.000031
0.000000
0.000000
0.000000
0.000031
0.000000
-0.000031
-0.000031
0.000000
0.000000
0.000031
0.000031
0.000031
-0.000031
0.000000
0.000000
0.000000
0.000000
0.000031
0.000000
0.000000
0.000000
0.000000
0.000031
0.000000
-0.000031
0.000000
-0.000031
0.000000
0.000000
0.000000
0.000000
0.000031
0.000000
0.000000
-0.000031
0.000000
0.000031
0.000000
0.000000
0.000000
0.000000
-0.000031
-0.000031
0.000000
0.000061
0.000000
-0.000031
0.000000
0.000000
0.000000
0.000000
0.000031
0.000000
-0.000031
-0.000031
-0.000031
0.000031
0.000031
0.000000
0.000000
-0.000031
-0.000031
0.000000
0.000000
0.000031
0.000000
-0.000031
-0.000031
-0.000061
0.000031
0.000031
0.000000
0.000000
-0.000031
-0.000031
-0.000061
0.000000
0.000000
0.000031
0.000000
-0.000031
0.000000
-0.000031
0.000000
0.000031
0.000031
0.000000
0.000000
0.000000
-0.000031
0.000031
0.000031
0.000000
0.000000
0.000000
0.000000
-0.000031
0.000000
0.000031
0.000031
0.000031
0.000000
-0.000031
-0.000031
0.000000
0.000031
0.000031
0.000031
0.000000
0.000000
-0.000031
0.000031
0.000031
0.000031
0.000031
-0.000031
-0.000031
-0.000031
-0.000092
0.001221
-0.001129
-0.001038
0.001495
0.000031
-0.001678
0.000702
0.001312
-0.001312
-0.000519
0.001740
-0.000214
-0.001434
0.001190
0.001129
-0.001465
-0.000061
0.001770
-0.000580
-0.001221
0.001465
0.000732
-0.001556
0.000275
0.001617
-0.000946
-0.001007
0.001587
0.000305
-0.001648
0.000610
0.001373
-0.001312
-0.000275
0.002930
0.007019
-0.042389
0.035431
0.033020
-0.039337
-0.017151
0.014160
0.022797
-0.010101
-0.005920
-0.005798
-0.003021
0.019226
-0.006561
-0.026398
0.015472
0.025787
-0.022095
-0.017517
0.028046
0.008148
-0.025421
0.005646
0.020538
-0.014008
-0.008636
0.019836
-0.003387
-0.018463
0.014893
0.011536
-0.022827
-0.001953
0.023560
-0.010529
-0.020355
0.018219
0.009521
-0.024139
0.000824
0.021088
-0.013519
-0.013123
0.020630
0.102539
-0.406250
0.251007
0.429169
-0.398132
-0.215607
0.141388
0.242981
-0.068909
-0.223694
0.044739
0.158508
0.015106
-0.117706
-0.049011
0.089264
0.067261
-0.061768
-0.078003
0.045929
0.078979
-0.035950
-0.069275
0.029449
0.054810
-0.022095
-0.035980
0.014679
0.018860
-0.003632
-0.003754
-0.007233
-0.004333
0.018982
0.007202
-0.026855
-0.003540
0.030914
-0.003082
-0.029083
0.010742
0.022095
-0.016602
-0.011383
-0.005951
0.066101
-0.020416
-0.117828
0.079865
0.052155
-0.018829
-0.041321
-0.018738
0.044495
0.025696
-0.038239
-0.036346
0.035461
0.037567
-0.036438
-0.030060
0.033051
0.018921
-0.026367
0.003387
0.006592
-0.019226
0.017365
0.014801
-0.030548
-0.001129
0.038147
-0.013428
-0.034912
0.027100
0.023315
-0.035339
-0.006653
0.035248
-0.011108
-0.026794
0.025085
0.011780
-0.031708
0.006104
0.029419
-0.022339
-0.018585
0.036407
-0.004822
-0.044891
0.047150
0.018738
-0.049408
-0.011078
0.048096
0.002075
-0.044678
0.009918
0.148590
-0.441193
0.279999
0.561859
-0.650513
-0.249512
0.312958
0.322937
-0.165222
-0.324982
0.134003
0.229706
-0.046448
-0.177765
-0.022156
0.136566
0.060455
-0.097473
-0.090271
0.073822
0.104553
-0.061371
-0.101501
0.053802
0.086212
-0.047241
-0.062500
0.038116
0.035400
-0.024292
-0.010803
0.006165
-0.006775
0.013489
0.014648
-0.027588
-0.019470
0.043518
0.008606
-0.047485
0.008087
0.039642
-0.021271
-0.025757
0.029388
0.007202
-0.030090
0.011810
0.022125
-0.026276
-0.007629
0.032990
-0.009460
-0.030487
0.024780
0.019684
-0.034271
-0.003510
0.035431
-0.013580
-0.027679
0.027039
0.013184
-0.033356
0.004608
0.030823
-0.020935
-0.020111
0.031677
0.003967
-0.034027
0.013367
0.027557
-0.027344
-0.013794
0.034210
-0.003540
-0.032227
0.020142
0.020844
-0.029816
-0.005157
0.032471
-0.011902
-0.027405
0.026733
0.014404
-0.034363
0.002747
0.033112
-0.019196
-0.023407
0.030701
0.007660
-0.034241
0.009979
0.028961
-0.024902
-0.016083
0.033234
-0.001038
-0.032837
0.017914
0.023834
-0.030060
-0.008575
0.034454
-0.009033
-0.030212
0.023865
0.029510
-0.044922
-0.009308
0.048553
-0.015442
-0.039734
0.036743
0.021637
-0.047455
0.002625
0.046021
-0.026337
-0.032776
0.043182
0.010559
-0.048798
0.014404
0.041382
-0.035278
-0.023499
0.047058
-0.000549
-0.046722
0.024445
0.034119
-0.041870
-0.012604
0.048370
-0.012177
-0.042236
0.033813
0.024963
-0.050293
-0.030548
0.148712
0.010101
-0.456268
0.406982
0.235748
-0.307556
-0.180511
0.126648
0.206635
-0.077789
-0.141266
0.017761
0.097015
0.045746
-0.083801
-0.081635
0.072906
0.097504
-0.069977
-0.096588
0.071747
0.078857
-0.068939
-0.050507
0.058411
0.019653
-0.039368
0.006866
0.013306
-0.023163
0.015106
0.026306
-0.039886
-0.016876
0.055634
-0.001312
-0.058868
0.022308
0.048859
-0.039612
-0.028290
0.047943
0.002319
-0.044464
0.022400
0.029572
-0.039856
-0.006836
0.045654
-0.017975
-0.038635
0.038483
0.020844
-0.049438
0.002777
0.047943
-0.025970
-0.034363
0.042572
0.012146
-0.048035
0.012909
0.040955
-0.034332
-0.023132
0.046600
-0.000854
-0.046600
0.024689
0.034210
-0.042175
-0.012970
0.048737
-0.011749
-0.042694
0.033447
0.025482
-0.046356
