0.000031
0.000031
0.000000
-0.000031
0.000061
-0.000031
0.000031
0.000000
0.000000
0.000031
-0.000031
0.000000
0.000031
0.000000
0.000031
0.000031
0.000000
0.000000
0.000031
0.000000
0.000000
0.000000
-0.000031
0.000031
0.000000
0.000000
0.000000
0.000000
0.000000
0.000000
0.000031
-0.000031
-0.000031
0.000000
-0.000031
0.000000
-0.000031
-0.000031
0.000000
0.000000
0.000000
-0.000031
0.000000
0.000000
0.000031
0.000000
0.000000
0.000000
0.000000
0.000031
-0.000031
0.000000
0.000031
-0.000031
0.000000
-0.000031
0.000031
-0.000031
0.000000
0.000000
0.001221
0.001678
0.001221
0.000336
-0.021027
0.010620
-0.011841
-0.022736
-0.374756
0.162140
-0.024109
-0.006500
0.024414
-0.039581
0.028961
0.038391
0.020966
0.040344
0.136444
-0.018860
-0.109741
-0.006470
-0.015106
-0.003326
0.018677
0.030914
0.032440
0.027283
0.012299
-0.017914
-0.038757
-0.048248
-0.047302
0.220947
-0.053558
0.016937
0.053864
0.045807
0.037537
0.016663
-0.010468
-0.033875
-0.047119
-0.043091
-0.023438
0.003326
0.029205
0.226776
0.092133
0.009430
0.018646
-0.011414
-0.038086
-0.048950
-0.046509
-0.029907
-0.004089
0.022919
0.040344
0.044708
0.035339
-0.049988
0.064240
-0.037659
-0.050629
-0.039612
-0.029205
-0.006622
0.018402
0.037262
0.044983
0.039093
0.020538
-0.000977
-0.022583
-0.037140
-0.040680
-0.009399
-0.021149
0.009247
0.030060
0.039795
0.038879
0.025970
0.005157
-0.017303
-0.034760
-0.041107
-0.036804
-0.021393
-0.074799
0.038788
0.039490
0.037964
0.033051
0.013916
-0.009094
-0.028778
-0.040100
-0.039185
-0.026367
-0.006561
0.016998
0.035309
0.054138
0.025574
0.029327
-0.003906
-0.025177
-0.039154
-0.042511
-0.032410
-0.012665
0.011017
0.031281
0.042755
0.040558
0.025879
0.003326
-0.038483
-0.035187
-0.041779
-0.037445
-0.018066
0.005676
0.027679
0.041412
0.042542
0.030823
0.009918
-0.014099
-0.033325
-0.042572
-0.027374
-0.028534
-0.001556
0.010498
0.019806
0.024811
0.023499
0.015564
0.002716
-0.011292
-0.022125
-0.019104
-0.007843
0.004791
0.012268
0.009796
0.012115
0.005341
-0.005249
-0.012909
-0.016510
-0.015167
-0.009064
-0.000183
0.008728
0.013245
0.009827
0.002594
-0.004913
-0.008636
-0.012970
-0.006775
-0.001617
0.004211
0.009003
0.010803
0.009338
0.004974
-0.000885
-0.006348
-0.007782
-0.004974
-0.000275
0.003418
0.005371
0.005920
0.004425
0.000458
-0.003479
-0.006104
-0.007050
-0.005646
-0.002655
0.001251
0.004517
0.004547
0.002411
-0.000580
-0.001648
-0.005096
-0.003967
-0.002228
0.000092
0.002563
0.004150
0.004456
0.003448
0.001312
-0.001404
-0.002991
-0.002594
-0.000946
0.002258
0.002411
0.002655
0.002502
0.001221
-0.000397
-0.001862
-0.002808
-0.002838
-0.002014
-0.000580
0.001282
0.001953
0.001465
0.000244
-0.000061
-0.001770
-0.001923
-0.001495
-0.000610
0.000427
0.001373
0.001892
0.001740
0.001190
-0.000092
-0.001007
-0.013916
-0.018463
0.012177
0.008362
0.332764
0.022247
-0.192566
0.026672
0.086761
-0.084290
-0.070282
0.062439
0.022339
-0.060883
-0.106384
-0.317261
0.138367
0.137054
-0.101654
-0.050812
0.063904
0.012054
-0.036346
0.001709
0.019684
-0.004089
-0.008209
0.004608
-0.072784
0.270142
-0.034515
-0.137939
0.048645
0.063232
-0.039062
-0.024567
0.026855
0.007568
-0.016083
-0.001038
0.007965
-0.001801
-0.004150
-0.184082
-0.028717
0.105408
-0.007416
-0.054688
0.015656
0.025299
-0.014343
-0.010803
0.009888
0.003693
-0.005676
-0.000183
0.003357
0.118835
0.057434
-0.069824
-0.015503
0.040527
-0.000549
-0.021393
0.005341
0.010437
-0.004913
-0.004517
0.003448
0.001373
-0.002411
0.017059
-0.063904
0.038666
0.024841
-0.026031
-0.007568
0.015472
0.000488
-0.008636
0.001404
0.004150
-0.001678
-0.001892
0.001373
0.000793
0.054871
-0.015076
-0.025452
0.013702
0.010498
-0.009644
-0.003357
0.006042
0.000671
-0.003235
0.000488
0.001617
-0.000671
-0.000885
-0.035553
0.000031
0.021179
-0.004791
-0.010376
0.004883
0.004425
-0.003540
-0.001678
0.002045
0.000305
-0.001251
0.000214
0.000580
-0.003906
0.006775
-0.015289
-0.000671
0.008270
-0.001495
-0.004089
0.001648
0.001953
-0.001251
-0.000732
0.000824
0.000214
-0.000610
-0.000031
-0.011322
0.009552
0.003510
-0.005737
-0.000671
0.003174
-0.000427
-0.001648
0.000610
0.000732
-0.000610
-0.000275
0.000275
0.000092
0.006714
-0.004852
-0.004425
0.003510
0.001587
-0.002106
-0.000397
0.001221
-0.000031
-0.000702
0.000275
0.000244
-0.000153
-0.000031
0.000153
0.000977
0.004242
-0.001709
-0.001801
0.001343
0.000854
-0.000916
-0.000244
0.000488
0.000061
-0.000153
0.000214
0.000122
0.000000
0.000122
-0.003235
0.000305
0.001678
-0.000427
-0.000702
0.000488
0.000366
-0.000305
-0.000122
0.000336
0.000061
-0.000153
0.000031
-0.001160
0.002136
0.000244
-0.001312
0.000061
0.000519
-0.000214
-0.000458
0.000305
0.000031
-0.000214
-0.000092
-0.000061
-0.000031
0.000000
-0.001129
-0.000610
0.000916
0.000183
-0.000427
-0.000061
0.000122
0.000031
-0.000214
-0.001556
-0.001434
-0.001282
0.034241
-0.017517
0.007812
0.005432
0.026184
0.086609
-0.047974
0.047546
-0.034912
-0.061829
0.006470
-0.027435
-0.032196
-0.027863
0.199738
-0.200134
0.173370
-0.059540
0.082764
-0.002930
0.017120
-0.018494
-0.026093
-0.034454
-0.030457
-0.016449
0.010803
0.033752
0.163513
-0.148529
0.098938
-0.006561
-0.025208
-0.030945
-0.056427
-0.036255
-0.026398
0.004883
0.027557
0.045319
0.046722
0.029999
0.004150
0.160034
-0.158142
0.014252
-0.074799
-0.005798
-0.000153
0.033325
0.047180
0.048553
0.035706
0.011230
-0.015594
-0.037384
-0.045074
0.050232
-0.034760
-0.005463
0.038544
0.031311
0.051392
0.029785
0.015350
-0.013092
-0.032593
-0.044525
-0.042084
-0.025726
-0.005188
0.017578
0.112335
0.000641
0.053833
0.011536
-0.000885
-0.024597
-0.038849
-0.039978
-0.030945
-0.010895
0.011322
0.030090
0.040100
0.039368
0.012695
0.022125
-0.029816
-0.025726
-0.046234
-0.033020
-0.020721
0.003265
0.023926
0.038239
0.040619
0.030731
0.012817
-0.010773
-0.089752
-0.019897
-0.048706
-0.023590
-0.004150
0.018433
0.037262
0.042206
0.036682
0.018372
-0.004395
-0.026581
-0.041260
-0.042694
-0.031250
-0.026764
0.025146
0.027710
0.046661
0.038055
0.024567
0.000885
0.002106
-0.041321
-0.038361
-0.037506
0.029724
0.113129
0.006653
0.022522
0.041504
0.013000
0.016388
-0.013580
-0.042084
-0.063141
-0.393524
0.142029
-0.050262
0.041077
0.037689
0.043274
0.032074
0.030884
-0.017090
-0.025909
-0.035522
-0.028595
-0.020050
-0.006958
0.003204
0.089600
0.024475
0.024780
0.018677
0.005188
-0.011047
-0.016602
-0.012604
-0.004303
0.007721
0.013489
0.016388
0.012756
0.005615
-0.020294
0.047394
-0.031311
-0.009338
-0.012329
0.001495
0.008270
0.015930
0.004333
0.001556
-0.005737
-0.009583
-0.010345
-0.007721
0.014374
0.091888
-0.009186
0.017670
0.007690
0.005432
-0.002716
-0.008850
-0.004791
-0.004486
0.001221
0.003967
0.006775
0.006561
0.004547
0.056702
-0.009491
-0.002289
-0.007507
-0.005890
-0.001587
0.002441
0.005524
0.003387
0.001617
-0.000946
-0.002777
-0.004303
-0.003998
0.022156
0.014282
0.000000
0.005219
0.003906
0.002930
0.000000
-0.002899
-0.002014
-0.002502
-0.000488
0.000732
0.002319
-0.015076
0.036957
0.004181
-0.003143
0.008636
-0.067719
0.248993
-0.237122
0.038116
0.165100
-0.122406
0.056915
0.046967
-0.100861
0.073029
-0.409851
0.130310
0.155914
-0.269958
0.185059
-0.005859
-0.125671
0.147888
-0.071838
-0.029694
0.082367
-0.073181
0.019409
0.031830
-0.212524
0.018372
0.159760
-0.191132
0.096191
0.031921
-0.108337
0.095062
-0.028595
-0.037567
0.064026
-0.041595
0.001465
0.029663
-0.099823
-0.071777
0.137207
-0.107605
0.015839
0.059143
-0.076202
0.043274
0.009216
-0.041229
0.038818
-0.014587
-0.013672
0.024780
-0.019104
-0.087463
0.091095
-0.040497
-0.023895
0.055328
-0.044250
0.008301
0.022949
-0.031616
0.018738
0.002136
-0.015869
0.016449
-0.006714
-0.049103
0.045624
-0.000336
-0.035034
0.038269
-0.017059
-0.008728
0.022308
-0.018311
0.004181
0.008392
-0.013000
0.008026
0.000916
-0.013580
0.009491
0.016479
-0.029633
0.020020
0.000031
-0.013733
0.015411
-0.007355
-0.003326
0.009064
-0.007446
0.002808
0.004028
-0.005280
-0.001892
0.020050
-0.018921
0.005829
0.006348
-0.011566
0.008789
-0.000305
-0.005524
0.006775
-0.003143
-0.001068
0.003082
-0.002991
0.000397
0.013855
-0.009216
-0.001343
0.008270
-0.007660
0.002625
0.002411
-0.005188
0.003693
-0.000763
-0.001984
0.002747
-0.001312
0.002228
0.006989
-0.001709
-0.004486
0.006073
-0.004059
-0.000610
0.003204
-0.003235
0.001465
0.001038
-0.002258
0.001648
-0.000763
-0.000580
0.003723
0.002014
-0.004181
0.004089
-0.000946
-0.001892
0.002777
-0.001495
-0.000061
0.001709
-0.001404
0.001160
-0.000153
-0.000671
0.002441
0.002563
-0.002991
0.001434
0.000702
-0.001862
0.001709
-0.001007
-0.000397
0.000885
-0.000397
-0.000183
0.000519
0.000000
-0.000305
0.001556
-0.002106
0.000488
0.001282
-0.000671
0.000427
0.000397
-0.000214
0.000671
-0.001160
-0.000305
0.000366
-0.000854
0.000366
0.000275
-0.000946
0.000397
0.000824
-0.000916
-0.000671
0.000671
-0.001312
0.000397
-0.000122
0.000000
0.000336
-0.000702
0.000153
-0.000031
-0.000519
-0.001068
0.001373
0.000702
-0.000183
-0.000519
0.000336
-0.004852
-0.043732
-0.018250
-0.042206
-0.003143
-0.385986
-0.011322
0.085114
-0.027405
-0.013550
0.038208
-0.027771
0.000885
-0.043976
-0.024628
-0.071289
0.154114
-0.038147
0.030273
0.023621
0.060822
0.017212
-0.015503
0.009155
-0.067139
-0.022705
-0.048553
-0.044434
0.020660
-0.088562
0.105927
0.086700
-0.014099
0.016724
0.000549
-0.060486
-0.025787
-0.071198
-0.012909
0.037140
0.017792
0.062775
0.031616
0.039459
-0.110474
0.021362
-0.054443
-0.042267
-0.056335
0.005524
-0.000824
0.007080
0.067627
0.021698
0.054779
0.000610
-0.043884
-0.028137
-0.199677
-0.052826
0.004395
-0.031677
0.024139
0.062836
0.022095
0.059235
-0.013489
-0.009155
-0.002563
-0.050629
-0.033203
-0.031891
0.019531
-0.010590
0.049957
0.024292
0.054596
-0.004150
0.024567
-0.010498
-0.060272
-0.027740
-0.044952
-0.003784
0.022522
0.009247
0.030670
0.035553
-0.002136
0.039001
-0.036499
-0.055389
-0.020996
-0.051697
-0.003021
-0.008209
-0.002136
0.048553
0.052979
0.018372
0.032379
0.007629
-0.043610
-0.016846
-0.058502
-0.009216
-0.024658
0.015900
0.061371
0.043365
0.025421
0.033813
-0.025146
-0.000793
-0.025238
-0.070984
-0.012604
-0.035645
0.030731
0.054871
0.028381
0.033173
0.037781
-0.014893
0.006348
-0.044830
-0.067230
-0.014496
-0.034210
0.026978
0.041931
0.011627
0.041260
0.042389
-0.006927
0.006653
-0.059418
-0.060822
-0.016174
-0.039642
0.018188
0.013092
0.016083
0.053406
0.039185
0.000214
0.009796
-0.059845
-0.043915
-0.014740
-0.043793
0.008209
0.005890
0.022095
0.064056
0.042389
-0.001190
0.024689
-0.037384
0.000244
-0.000214
-0.038330
-0.006042
-0.007355
0.007385
0.047638
0.019440
-0.016174
0.015015
-0.040009
0.005737
0.009491
-0.020966
0.009521
0.017090
0.008484
0.042389
0.006897
-0.022949
0.012268
-0.035126
0.014801
0.011475
-0.015350
0.006744
0.020752
-0.008362
0.028381
-0.013855
-0.033264
0.008698
-0.025146
0.010620
0.007782
-0.017792
0.000092
0.021851
-0.022797
0.022491
-0.021393
-0.031921
0.011078
-0.006744
0.007660
0.016113
-0.019928
-0.006256
0.024323
-0.025482
0.021057
-0.017639
-0.027679
0.010681
0.009979
-0.007233
0.022186
-0.026123
-0.014191
0.020813
-0.020264
0.009430
-0.009155
-0.027527
0.007294
0.020355
-0.018616
0.026855
-0.025574
0.003662
-0.004883
-0.014130
0.011536
0.012573
0.278076
-0.097412
-0.122620
0.060913
0.128082
-0.130096
-0.043518
0.082550
0.008301
-0.072266
-0.272522
-0.214935
0.195282
0.078613
-0.125732
-0.004059
0.066345
-0.040253
-0.026031
0.034485
-0.008301
0.011505
-0.022491
-0.010651
0.131195
0.220428
-0.132172
-0.065735
0.049774
0.022003
-0.024506
-0.011383
0.029633
0.004242
-0.040802
0.006958
0.028259
-0.026733
0.067200
-0.187653
0.020386
0.100677
-0.025513
-0.058807
0.052124
-0.013519
-0.034027
0.018494
0.008240
-0.004150
0.006958
-0.027466
-0.002991
0.143707
-0.013000
-0.056580
0.004211
0.007050
-0.010040
0.003418
-0.010651
0.032593
-0.023682
-0.024109
0.017548
0.005341
-0.018188
-0.060547
-0.055450
0.030884
0.026550
-0.033783
0.007477
0.025421
-0.031586
-0.018280
0.027069
-0.019043
0.016968
-0.002106
-0.026642
-0.014465
0.056824
-0.052917
0.014404
0.008972
-0.023987
-0.003204
0.008148
-0.009369
0.025391
-0.012085
-0.024628
0.016266
-0.008484
-0.001678
-0.013580
0.001312
-0.005676
0.010681
-0.025360
0.019409
0.021637
-0.016174
-0.015259
0.025513
-0.026123
0.019867
0.021606
-0.015564
0.011871
0.012939
-0.036652
0.028992
0.028046
-0.020996
0.001465
0.006866
-0.017914
0.020630
0.019257
-0.021393
0.016235
-0.007385
-0.010651
0.018951
0.026367
-0.026276
0.015961
-0.017120
-0.012360
0.019073
0.011688
-0.019531
0.025452
-0.021973
-0.016907
0.017365
0.005219
-0.011444
0.017853
-0.024170
-0.017273
0.016724
-0.004028
-0.008240
0.021362
-0.021057
-0.022705
0.017853
-0.010071
0.001312
0.021545
-0.017578
-0.016083
0.025085
-0.020264
0.006958
0.024841
-0.008881
-0.019958
0.024384
-0.022400
0.010132
0.027191
-0.004150
-0.017761
0.024780
-0.027618
0.001740
0.028259
-0.000488
-0.016205
0.022339
-0.025970
-0.003235
0.025635
-0.001465
-0.011536
0.020538
-0.027130
-0.013885
0.021851
-0.001587
-0.006714
0.020782
-0.021912
-0.020660
0.018524
-0.007782
-0.001953
0.022980
-0.012695
-0.023102
0.020203
-0.010803
-0.000336
0.026398
0.002869
-0.020721
0.020905
-0.013123
-0.004150
0.028503
0.011993
-0.015686
0.036530
-0.012360
-0.036774
0.020264
-0.008636
-0.033783
0.018494
-0.278900
0.159515
-0.067444
0.092468
0.064880
0.038696
0.010834
-0.033630
-0.031860
-0.025177
0.466278
-0.280701
0.150299
-0.063721
0.044281
0.047119
0.002960
0.033112
0.010529
-0.043274
-0.061554
-0.024048
-0.057831
-0.002594
0.068237
0.093628
-0.028290
0.112274
-0.033844
-0.003204
-0.019745
-0.039368
-0.065369
-0.000977
-0.014252
-0.004364
0.048523
0.059692
-0.036896
0.222137
-0.068604
-0.026062
-0.056000
-0.035614
-0.059021
0.002502
0.047333
0.025116
0.038025
0.054047
-0.011017
-0.012329
-0.002441
-0.124115
0.004700
-0.047913
-0.008453
-0.024628
0.051056
0.048431
0.023438
0.052948
0.010834
-0.042816
-0.035370
-0.029541
-0.059204
-0.103027
0.062592
0.005188
0.031921
0.065826
0.000397
0.003967
0.009125
-0.029358
-0.056335
-0.011414
-0.038391
-0.029724
0.026611
0.038513
-0.029449
0.087677
0.017395
-0.020508
-0.036224
-0.019165
-0.065735
-0.020569
0.016327
0.009399
0.013977
0.065704
0.018433
0.005035
0.003876
-0.009766
-0.054169
-0.019653
-0.027863
-0.044098
-0.003723
0.048676
0.014374
0.051300
0.055542
0.007019
-0.033569
-0.009186
-0.019958
-0.073639
0.002228
0.014893
0.001740
0.059601
0.047516
0.008484
-0.019073
0.021088
-0.052704
-0.043182
-0.009369
-0.056366
-0.031708
0.027252
0.005249
0.035461
0.056580
0.044098
-0.030640
-0.012848
0.498230
-0.157288
-0.010132
0.000305
0.013275
0.015564
0.068695
0.057373
-0.001801
0.005798
-0.005554
-0.066223
-0.032043
0.000397
0.154602
-0.025726
0.043396
0.006744
-0.003876
0.025421
0.030060
-0.037537
0.007233
0.006470
-0.018677
-0.021667
0.035614
-0.001648
-0.002350
0.120117
-0.009918
-0.020294
-0.006653
-0.001923
-0.040009
-0.026794
0.027222
0.001587
-0.002136
0.035583
0.011780
-0.027985
-0.007233
0.066162
-0.088593
0.005280
0.024384
0.013947
-0.008514
0.038849
-0.001282
-0.025452
-0.014130
0.014709
-0.027832
0.005768
0.034698
0.013672
-0.052612
0.030975
-0.003113
-0.033356
-0.015839
0.016449
-0.016602
-0.005524
0.032532
0.008942
-0.021149
0.002747
0.012665
-0.030701
-0.020721
0.011353
0.003876
-0.019226
0.027557
0.000793
-0.020569
-0.007660
0.023834
-0.027435
-0.005371
0.025085
0.012360
-0.007721
-0.016998
0.011597
-0.023132
0.019775
0.210815
-0.266388
0.116760
0.020477
-0.133850
0.115997
-0.017548
-0.057373
0.041107
-0.432648
0.345001
-0.021057
-0.232941
0.272125
-0.115204
-0.052032
0.123901
-0.112732
0.037231
0.022827
-0.078888
0.086884
-0.007507
-0.069519
0.211945
0.037567
-0.210815
0.168396
-0.032990
-0.088013
0.105957
-0.056000
0.021637
0.025940
-0.049591
0.049561
-0.013245
-0.057495
0.040039
0.102020
-0.166199
0.095581
0.040100
-0.073822
0.052704
0.000092
-0.027283
0.016571
-0.038971
0.028107
0.003845
-0.033325
0.057709
0.120941
-0.099487
0.020844
0.060791
-0.077271
0.010315
0.011169
-0.007996
0.003357
-0.002106
0.024017
0.021057
-0.040009
0.018921
0.067657
-0.058716
-0.028107
0.061310
-0.026703
-0.013855
0.035034
0.007721
0.009705
-0.020172
0.012665
0.012421
-0.031433
-0.011536
0.052246
-0.011139
-0.041107
0.053009
0.008057
-0.018036
0.000153
0.010284
-0.002960
-0.019165
-0.015045
0.029816
-0.015991
-0.020599
0.036652
0.035156
-0.041565
0.003143
0.023865
-0.013458
-0.017822
-0.015167
0.026398
-0.016418
-0.020325
0.026093
0.027588
-0.024078
-0.005524
0.036743
-0.015991
-0.017944
-0.001129
0.017731
-0.016663
-0.019470
0.010620
0.030060
-0.020813
-0.002655
0.031647
0.001862
-0.024292
-0.006989
0.016083
-0.013336
-0.017426
-0.001770
0.026733
-0.019806
-0.016846
0.033447
0.016785
-0.023285
-0.008392
0.028717
-0.008240
-0.033081
-0.012054
0.022644
-0.000305
-0.020142
0.014008
0.027039
-0.013062
-0.017548
0.029266
0.015839
-0.013275
-0.021576
0.016266
-0.002350
-0.028137
-0.006927
0.025177
-0.000031
-0.028442
0.017792
0.030640
0.004120
-0.026703
0.004791
0.016754
-0.013885
-0.022766
0.007172
0.016907
-0.027618
-0.014191
0.023621
0.018494
-0.023773
-0.013062
0.029785
0.012848
-0.018219
-0.013489
0.022980
-0.009918
-0.027832
-0.004822
0.028412
0.003448
-0.027039
0.001801
0.026245
0.006836
-0.022247
0.015350
0.023346
-0.014099
-0.031494
0.004730
0.025909
-0.015472
-0.021667
0.002289
0.024109
-0.013916
-0.014496
0.027802
0.035675
-0.011871
-0.048828
0.000946
-0.007751
-0.018372
-0.016144
0.132172
-0.056885
0.028076
0.020966
0.032318
0.069946
-0.034271
-0.035706
-0.005493
-0.009369
-0.388519
0.005432
0.053589
0.032654
0.023743
0.004150
0.029785
0.020599
-0.048492
-0.064026
-0.044922
-0.014465
-0.027527
-0.008179
-0.097687
-0.024231
0.081543
-0.001099
0.014038
0.008972
-0.043243
-0.081238
-0.032776
0.019897
0.010986
0.006958
0.049255
0.077759
0.140106
-0.114777
-0.029877
-0.004913
-0.050751
-0.068481
-0.016327
0.038208
0.050873
0.021484
0.025970
0.048920
0.019501
-0.033081
-0.058777
0.026672
-0.056732
-0.031158
-0.018860
0.037628
0.066986
0.033905
0.002533
0.017395
0.012909
-0.024170
-0.068939
-0.030243
-0.002655
0.127563
-0.024628
0.021423
0.071533
0.049713
-0.001251
-0.024109
-0.011230
-0.013855
-0.058167
-0.050018
-0.009674
0.037598
0.019165
-0.009064
0.059052
0.040588
0.016388
-0.044037
-0.047211
-0.024536
-0.012177
-0.038300
-0.014587
0.034271
0.068451
0.034454
0.001373
0.010834
0.037811
-0.021545
-0.071716
-0.051178
-0.003571
0.018494
0.004944
0.014893
0.054688
0.055206
0.017822
-0.034729
-0.035553
-0.018555
-0.051636
-0.038208
-0.029907
0.034851
0.058350
0.042877
0.007050
0.028595
0.019409
-0.011505
-0.064453
-0.064972
-0.010223
0.004852
0.008789
0.011688
0.041290
0.067596
0.043945
-0.021912
-0.034790
-0.018555
-0.018707
-0.038452
-0.050201
0.010071
0.048798
0.044128
0.024139
0.003082
0.028046
0.025665
-0.029724
-0.046814
-0.028046
0.002411
0.014526
-0.014160
-0.008667
0.038269
0.044617
0.000214
-0.037598
-0.024017
0.010284
0.013245
-0.015381
-0.017822
0.012726
0.033325
0.030518
-0.012634
-0.030426
-0.011017
0.014679
0.000793
-0.023804
-0.017120
0.029083
0.040802
-0.003143
-0.033508
-0.010590
0.014771
0.005402
-0.014465
-0.025970
-0.003479
0.038666
0.026489
-0.014008
-0.031982
-0.003876
0.023926
0.008270
-0.027466
-0.012451
0.007599
0.041077
0.006653
-0.023804
-0.013031
0.005646
0.024200
0.003082
-0.033844
-0.005524
0.014099
0.033447
-0.005096
-0.025879
-0.006653
0.007446
0.031250
-0.015594
-0.021240
-0.022552
0.026764
0.031586
-0.010651
-0.023468
-0.011322
0.013000
0.016846
0.002289
-0.029144
-0.022034
0.028381
0.028961
-0.004761
-0.025513
-0.011566
0.015656
0.023254
-0.023102
-0.012207
-0.015656
0.074921
0.188660
-0.189026
-0.060089
0.073273
-0.007751
-0.082672
0.047760
0.041534
-0.086243
0.113831
-0.360443
0.034241
0.198792
-0.089661
-0.100006
0.067078
0.063873
-0.030640
-0.046906
0.006897
0.022797
0.010925
0.011139
-0.012299
0.243835
0.067749
-0.126312
0.007904
0.075531
-0.036224
-0.061127
0.041748
0.038147
-0.010529
-0.026794
-0.015198
0.002045
0.032318
-0.144257
-0.115540
0.072296
0.018341
-0.029327
0.010834
0.040100
-0.029968
-0.046570
0.021637
0.024597
0.017395
-0.006500
-0.029510
-0.026917
0.111389
-0.019958
-0.036011
0.006592
0.000916
-0.030090
0.019379
0.042206
-0.008331
-0.024780
-0.022980
0.015564
0.017792
0.027588
-0.094147
-0.018585
0.031372
-0.005157
-0.001587
0.038818
-0.013275
-0.039185
-0.005066
0.012085
0.029022
0.017548
-0.026337
-0.016266
0.046082
0.013275
0.002014
0.022034
-0.012115
-0.025055
-0.022461
0.013336
0.043091
-0.002533
-0.012390
-0.029205
-0.020752
0.021606
0.031708
-0.000397
0.017151
-0.035339
-0.019836
0.006714
0.026520
0.025818
-0.009613
-0.035431
-0.011597
-0.008484
0.033752
0.014404
0.005615
0.004608
-0.046661
-0.003632
0.023621
0.034058
0.000824
-0.005402
-0.032562
-0.005341
0.003113
0.025360
0.031036
-0.011169
-0.015717
-0.041443
0.007812
0.029572
0.011475
0.022888
-0.023468
-0.032074
-0.008301
0.001740
0.022552
0.037872
-0.007477
-0.010376
-0.029663
-0.009521
0.007202
0.030579
0.011597
0.007935
-0.036743
-0.023987
-0.015869
0.023560
0.026489
0.008331
-0.006104
-0.018188
-0.034485
-0.007965
0.017517
0.038300
0.031403
0.006622
-0.020477
-0.038177
-0.025238
0.004944
0.038208
0.032227
0.007843
-0.022888
-0.043243
-0.009155
0.009155
0.013397
0.038788
0.009247
-0.031464
-0.030090
-0.010590
-0.001617
0.011566
0.019653
0.012604
-0.013580
-0.034271
-0.045380
-0.018524
0.019470
0.040070
0.033203
0.002777
-0.025665
-0.031372
-0.020111
0.000671
0.028900
0.038849
0.023773
-0.007294
-0.022766
-0.028229
-0.023651
0.002563
0.029358
0.033997
0.021576
-0.000977
-0.024384
-0.043671
-0.044403
-0.025177
-0.003082
0.020905
0.045135
0.013367
0.022766
-0.010529
-0.002502
-0.180267
0.058472
0.008026
0.023315
-0.008423
0.052002
-0.021362
-0.025970
-0.044922
-0.147217
0.134338
-0.022736
0.016022
0.089111
0.029541
0.048431
-0.024933
-0.032471
-0.046722
-0.042877
-0.029510
-0.017639
-0.011108
-0.007568
-0.340973
0.172913
-0.084167
0.040436
-0.028809
-0.014252
-0.020905
-0.033081
-0.039642
-0.041260
-0.027924
-0.001953
0.023987
0.018280
0.029205
-0.004791
0.046387
-0.030212
-0.017944
-0.051025
-0.014404
-0.020233
-0.005646
0.006134
0.017059
0.034943
0.041718
0.034485
0.047699
-0.133301
-0.009857
-0.083405
-0.034515
-0.003296
0.033569
0.060883
0.060516
0.037170
0.003296
-0.021271
-0.040283
-0.040039
-0.027954
0.042389
-0.041199
0.029541
-0.003540
0.024506
0.009308
0.003998
-0.012329
-0.030548
-0.036896
-0.041779
-0.033691
-0.015686
0.004211
0.093506
0.018707
0.048981
0.033478
0.004486
-0.004364
-0.010040
-0.001678
0.008423
0.007172
0.016449
0.029236
0.011993
-0.002777
-0.003601
0.016113
-0.056396
-0.048035
-0.032043
0.020966
0.034607
0.024933
0.033752
0.069489
0.057190
-0.012238
-0.022461
-0.021423
-0.081177
-0.074799
-0.027039
-0.033752
-0.014954
0.057709
0.105591
0.037109
0.056152
0.062378
0.042877
0.062836
-0.038818
-0.041046
-0.067871
-0.060028
0.050598
-0.013550
-0.006561
0.017090
-0.362885
0.112701
-0.067383
0.008636
-0.053558
-0.008850
0.060333
0.046722
0.033661
0.079773
0.085571
0.016205
-0.021393
0.004028
-0.049866
-0.020874
-0.053864
-0.000702
-0.022064
-0.029388
0.032501
0.034058
-0.034119
-0.000092
-0.005371
-0.059479
-0.057617
0.011078
-0.013824
-0.020874
0.140564
0.061279
0.030762
0.061523
0.065155
-0.008453
0.012421
0.030151
-0.034546
0.006897
0.031982
-0.013397
0.004089
0.062561
0.078613
-0.057983
0.010742
-0.042511
-0.064392
0.005371
-0.025391
-0.043121
0.018555
-0.016754
-0.048279
-0.007690
-0.018921
-0.076904
0.042114
-0.067902
0.006805
-0.021942
-0.055115
0.022095
-0.059357
0.013336
-0.071350
0.002441
-0.038696
-0.048462
0.024384
-0.054260
0.036713
0.017761
-0.053955
0.025665
-0.052979
-0.011688
0.000763
-0.062317
0.024872
-0.045868
0.024200
-0.041656
-0.022034
0.029083
-0.077850
-0.130585
-0.239105
0.066498
0.111115
-0.164948
-0.043701
0.092834
-0.057465
-0.039398
-0.062927
-0.347076
0.298157
0.038910
-0.167267
-0.057617
0.037811
0.021118
-0.050629
-0.044617
-0.014343
0.018005
0.025177
-0.036560
-0.014557
0.066650
-0.110229
-0.172394
0.106171
0.128815
-0.008392
-0.029419
0.024017
0.062775
0.059113
-0.007568
-0.038483
-0.057037
-0.016388
0.052795
0.067230
0.114136
-0.135376
-0.162079
-0.047913
-0.048828
-0.061188
0.009827
0.070526
0.065582
0.044464
0.024536
0.009888
-0.019714
-0.013977
-0.155273
-0.034058
0.019958
-0.035980
-0.010834
0.029236
0.001038
-0.043274
-0.053467
-0.039612
-0.040802
-0.022278
-0.010406
-0.012085
0.080444
0.002380
-0.095917
-0.035828
0.064026
0.073181
0.022400
-0.060699
-0.118164
-0.081390
0.018829
0.089874
0.063171
-0.021851
-0.108856
-0.043274
0.095703
0.103302
0.005585
-0.083801
-0.105530
-0.083954
0.060242
0.093872
0.061890
0.091431
-0.150757
0.189392
-0.141388
-0.140747
0.174500
-0.141296
-0.121002
0.171570
-0.434753
0.342560
0.038971
-0.266296
0.312225
-0.178162
-0.034058
0.058350
-0.099274
0.037170
0.159393
-0.157440
0.184753
-0.130981
-0.040863
0.239288
-0.086945
-0.015869
0.095184
0.037109
0.039703
-0.020111
-0.167725
0.146057
0.061249
-0.138580
-0.062805
-0.079773
-0.059113
0.115570
0.158295
-0.257904
0.032013
0.004059
0.051788
0.187256
-0.089600
-0.145325
-0.068420
-0.133942
-0.119598
-0.115692
-0.218719
-0.056610
0.161713
0.101227
0.200867
-0.031158
-0.247070
-0.028687
0.117676
0.161835
0.161163
-0.103851
-0.117981
0.151947
-0.167694
0.177979
-0.030884
-0.076599
0.065826
-0.108856
0.166718
-0.103271
0.055054
-0.016907
-0.176056
0.243622
0.031677
-0.100342
-0.259644
-0.074005
0.057587
0.167694
-0.156982
-0.085663
-0.030701
0.076019
0.217041
0.031586
-0.258514
0.300568
0.088715
0.063385
-0.149017
0.069702
0.166595
0.031952
0.021484
0.270538
0.115509
0.019104
0.085907
0.044678
0.165100
-0.280762
-0.059662
-0.196869
-0.296509
-0.079987
0.255890
0.350677
0.137268
0.021790
-0.293182
-0.027344
-0.222046
0.213165
-0.144806
0.029633
0.232117
-0.049133
-0.399475
0.120148
0.232117
-0.607452
0.223755
-0.406891
0.349701
-0.577301
-0.190887
-0.203827
0.003662
-0.120026
-0.363281
-0.222382
-0.074097
0.584320
-0.322876
0.215210
0.292969
0.128937
0.173462
0.192078
0.010040
0.217133
-0.232635
0.223694
-0.077728
-0.013733
-0.001068
0.391815
-0.274750
-0.017975
-0.100189
-0.118256
0.035095
-0.151062
-0.184723
0.240784
0.060059
0.078156
-0.075562
0.090668
-0.253845
-0.054016
-0.133331
-0.024872
0.094482
-0.083618
0.012482
0.023041
0.080231
-0.020142
0.004181
-0.021576
0.026367
-0.014801
-0.062256
0.078735
-0.005920
-0.054321
0.065979
-0.028259
-0.012817
0.031769
-0.058472
-0.002350
-0.005005
-0.012390
0.017487
-0.001923
-0.009613
0.016998
0.027954
-0.044556
0.034149
-0.002014
-0.018646
0.025452
-0.023987
0.028595
-0.010437
-0.012634
0.005371
0.008942
-0.006195
0.006165
0.030518
-0.029510
0.011475
0.009277
-0.019562
0.015259
-0.002899
-0.011780
0.016693
-0.012909
0.000732
0.006012
-0.006012
0.010986
0.023071
-0.015991
-0.000763
0.012360
-0.013214
0.005890
0.003235
-0.006134
0.025787
-0.004822
-0.004303
0.005371
-0.002960
0.001099
0.011841
-0.003967
-0.006287
0.010223
-0.006653
0.000153
0.004913
-0.005615
0.010864
0.005615
-0.005310
0.002960
-0.000519
-0.001282
0.006805
0.002350
-0.006989
0.006348
-0.002045
-0.002350
0.004211
-0.002991
-0.002991
0.007843
-0.002441
0.000519
0.000610
-0.001312
0.001007
0.002960
-0.005310
0.002899
0.000580
-0.002716
0.002716
-0.001007
-0.000916
0.001221
0.000580
-0.000366
0.000732
-0.000854
0.000580
0.001801
-0.002716
0.000610
0.001556
-0.002136
0.001312
0.000153
-0.001129
-0.003632
0.000641
-0.000031
0.000458
-0.000519
0.000092
0.000458
-0.000977
-0.000641
0.001526
-0.001251
0.000305
0.000610
-0.000916
0.001556
-0.001007
0.000214
0.000397
-0.000275
-0.000061
0.000122
-0.000397
-0.000916
0.001099
-0.000519
-0.000214
0.000610
-0.000549
0.000122
-0.000946
-0.000336
0.000427
-0.000061
-0.000183
0.000214
-0.000336
-0.000671
0.000580
-0.000061
-0.000366
0.000458
-0.000214
-0.000092
0.001312
-0.000824
0.000244
0.000092
-0.000183
0.000122
-0.000244
-0.000427
0.000153
0.000183
-0.000336
0.000275
-0.000031
-0.000153
0.000000
-0.000488
-0.000092
0.000183
-0.000122
0.000000
0.000092
-0.000244
-0.000031
0.000214
-0.000214
0.000092
0.000061
-0.000153
0.000122
0.000153
-0.000305
0.000092
-0.000031
0.000000
0.000031
-0.000092
-0.000061
0.000153
-0.000122
-0.000031
0.000092
-0.000122
0.000031
-0.000092
-0.000122
0.000000
0.000031
-0.000031
0.000031
0.000031
-0.000061
0.000122
0.000000
-0.000031
0.000061
-0.000061
0.000000
0.000061
0.000061
-0.000031
0.000000
0.000000
0.000031
0.000000
0.000000
0.000061
0.000031
-0.000061
0.000031
-0.000031
0.000000
0.000000
0.000031
0.000000
0.000000
0.000000
0.000000
-0.000031
0.000031
