0.031
0.031
0
-0.031
0.061
-0.031
0.031
0
0
0.031
-0.031
0
0.031
0
0.031
0.031
0
0
0.031
0
0
0
-0.031
0.031
0
0
0
0
0
0
0.031
-0.031
-0.031
0
-0.031
0
-0.031
-0.031
0
0
0
-0.031
0
0
0.031
0
0
0
0
0.031
-0.031
0
0.031
-0.031
0
-0.031
0.031
-0.031
0
0
1.221
1.678
1.221
0.336
-21.027
0
-11.841
-22.736
-374.756
162.14
-24.109
-6.5
24.414
-39.581
28.961
38.391
20.966
40.344
136.444
-18.86
-109.741
-6.47
-15.106
-3.326
18.677
30.914
32.44
27.283
12.299
-17.914
-38.757
-48.248
-47.302
220.947
-53.558
16.937
53.864
45.807
37.537
16.663
-10.468
-33.875
-47.119
-43.091
-23.438
3.326
29.205
226.776
92.133
36526
18.646
-11.414
-38.086
-48.95
-46.509
-29.907
-4.089
22.919
40.344
44.708
35.339
-49.988
64.24
-37.659
-50.629
-39.612
-29.205
-6.622
18.402
37.262
44.983
39.093
20.538
-0.977
-22.583
-37.14
-40.68
-9.399
-21.149
9.247
44591
39.795
38.879
25.97
5.157
-17.303
-34.76
-41.107
-36.804
-21.393
-74.799
38.788
39.49
37.964
33.051
13.916
-9.094
-28.778
-40.1
-39.185
-26.367
-6.561
16.998
35.309
54.138
25.574
29.327
-3.906
-25.177
-39.154
-42.511
-32.41
-12.665
11.017
31.281
42.755
40.558
25.879
3.326
-38.483
-35.187
-41.779
-37.445
-18.066
5.676
27.679
41.412
42.542
30.823
9.918
-14.099
-33.325
-42.572
-27.374
-28.534
-1.556
10.498
19.806
24.811
23.499
15.564
2.716
-11.292
-22.125
-19.104
-7.843
4.791
12.268
9.796
12.115
5.341
-5.249
-12.909
-16.51
-15.167
-9.064
-0.183
8.728
13.245
9.827
2.594
-4.913
-8.636
-12.97
-6.775
-1.617
4.211
9.003
10.803
9.338
4.974
-0.885
-6.348
-7.782
-4.974
-0.275
3.418
5.371
36526
4.425
0.458
-3.479
-6.104
-7.05
-5.646
-2.655
1.251
4.517
4.547
2.411
-0.58
-1.648
-5.096
-3.967
-2.228
0.092
2.563
36526
4.456
3.448
1.312
-1.404
-2.991
-2.594
-0.946
2.258
2.411
2.655
2.502
1.221
-0.397
-1.862
-2.808
-2.838
-2.014
-0.58
1.282
1.953
1.465
0.244
-0.061
-1.77
-1.923
-1.495
-0.61
0.427
1.373
1.892
36526
36526
-0.092
-1.007
-13.916
-18.463
12.177
8.362
332.764
22.247
-192.566
26.672
86.761
-84.29
-70.282
62.439
22.339
-60.883
-106.384
-317.261
138.367
137.054
-101.654
-50.812
63.904
12.054
-36.346
1.709
19.684
-4.089
-8.209
4.608
-72.784
270.142
-34.515
-137.939
48.645
63.232
-39.062
-24.567
26.855
7.568
-16.083
-1.038
7.965
-1.801
-4.15
-184.082
-28.717
105.408
-7.416
-54.688
15.656
25.299
-14.343
-10.803
9.888
3.693
-5.676
-0.183
3.357
118.835
57.434
-69.824
-15.503
40.527
-0.549
-21.393
5.341
10.437
-4.913
-4.517
3.448
1.373
-2.411
17.059
-63.904
38.666
24.841
-26.031
-7.568
15.472
0.488
-8.636
1.404
36526
-1.678
-1.892
1.373
0.793
54.871
-15.076
-25.452
13.702
10.498
-9.644
-3.357
6.042
0.671
-3.235
0.488
1.617
-0.671
-0.885
-35.553
0.031
21.179
-4.791
-10.376
4.883
4.425
-3.54
-1.678
2.045
0.305
-1.251
0.214
0.58
-3.906
6.775
-15.289
-0.671
36526
-1.495
-4.089
1.648
1.953
-1.251
-0.732
0.824
0.214
-0.61
-0.031
-11.322
9.552
36526
-5.737
-0.671
3.174
-0.427
-1.648
0.61
0.732
-0.61
-0.275
0.275
0.092
6.714
-4.852
-4.425
36526
1.587
-2.106
-0.397
1.221
-0.031
-0.702
0.275
0.244
-0.153
-0.031
0.153
0.977
4.242
-1.709
-1.801
1.343
0.854
-0.916
-0.244
0.488
0.061
-0.153
0.214
0.122
0
0.122
-3.235
0.305
1.678
-0.427
-0.702
0.488
0.366
-0.305
-0.122
0.336
0.061
-0.153
0.031
-1.16
2.136
0.244
-1.312
0.061
0.519
-0.214
-0.458
0.305
0.031
-0.214
-0.092
-0.061
-0.031
0
-1.129
-0.61
0.916
0.183
-0.427
-0.061
0.122
0.031
-0.214
-1.556
-1.434
-1.282
34.241
-17.517
7.812
5.432
26.184
86.609
-47.974
47.546
-34.912
-61.829
36526
-27.435
-32.196
-27.863
199.738
-200.134
173.37
-59.54
82.764
-2.93
44578
-18.494
-26.093
-34.454
-30.457
-16.449
10.803
33.752
163.513
-148.529
98.938
-6.561
-25.208
-30.945
-56.427
-36.255
-26.398
4.883
27.557
45.319
46.722
29.999
36526
160.034
-158.142
14.252
-74.799
-5.798
-0.153
33.325
47.18
48.553
35.706
36526
-15.594
-37.384
-45.074
50.232
-34.76
-5.463
38.544
31.311
51.392
29.785
15.35
-13.092
-32.593
-44.525
-42.084
-25.726
-5.188
17.578
112.335
0.641
53.833
11.536
-0.885
-24.597
-38.849
-39.978
-30.945
-10.895
11.322
44591
40.1
39.368
12.695
22.125
-29.816
-25.726
-46.234
-33.02
-20.721
3.265
23.926
38.239
40.619
30.731
12.817
-10.773
-89.752
-19.897
-48.706
-23.59
-4.15
18.433
37.262
42.206
36.682
18.372
-4.395
-26.581
-41.26
-42.694
-31.25
-26.764
25.146
27.71
46.661
38.055
24.567
0.885
2.106
-41.321
-38.361
-37.506
29.724
113.129
6.653
22.522
41.504
13
16.388
-13.58
-42.084
-63.141
-393.524
142.029
-50.262
41.077
37.689
43.274
32.074
30.884
-17.09
-25.909
-35.522
-28.595
-20.05
-6.958
3.204
89.6
24.475
24.78
18.677
5.188
-11.047
-16.602
-12.604
-4.303
7.721
13.489
16.388
12.756
5.615
-20.294
47.394
-31.311
-9.338
-12.329
1.495
36526
15.93
4.333
1.556
-5.737
-9.583
-10.345
-7.721
14.374
91.888
-9.186
17.67
36526
5.432
-2.716
-8.85
-4.791
-4.486
1.221
3.967
6.775
6.561
4.547
56.702
-9.491
-2.289
-7.507
-5.89
-1.587
2.441
5.524
3.387
1.617
-0.946
-2.777
-4.303
-3.998
22.156
14.282
0
5.219
3.906
36526
0
-2.899
-2.014
-2.502
-0.488
0.732
2.319
-15.076
36.957
4.181
-3.143
8.636
-67.719
248.993
-237.122
38.116
165.1
-122.406
56.915
46.967
-100.861
73.029
-409.851
130.31
155.914
-269.958
185.059
-5.859
-125.671
147.888
-71.838
-29.694
82.367
-73.181
19.409
31.83
-212.524
18.372
159.76
-191.132
96.191
31.921
-108.337
95.062
-28.595
-37.567
64.026
-41.595
1.465
29.663
-99.823
-71.777
137.207
-107.605
15.839
59.143
-76.202
43.274
9.216
-41.229
38.818
-14.587
-13.672
24.78
-19.104
-87.463
91.095
-40.497
-23.895
55.328
-44.25
8.301
22.949
-31.616
18.738
2.136
-15.869
16.449
-6.714
-49.103
45.624
-0.336
-35.034
38.269
-17.059
-8.728
22.308
-18.311
4.181
8.392
-13
8.026
0.916
-13.58
9.491
16.479
-29.633
44581
0.031
-13.733
15.411
-7.355
-3.326
9.064
-7.446
2.808
4.028
-5.28
-1.892
44581
-18.921
5.829
6.348
-11.566
8.789
-0.305
-5.524
6.775
-3.143
-1.068
3.082
-2.991
0.397
13.855
-9.216
-1.343
36526
-7.66
2.625
2.411
-5.188
3.693
-0.763
-1.984
2.747
-1.312
2.228
6.989
-1.709
-4.486
6.073
-4.059
-0.61
3.204
-3.235
1.465
1.038
-2.258
1.648
-0.763
-0.58
3.723
2.014
-4.181
4.089
-0.946
-1.892
2.777
-1.495
-0.061
1.709
-1.404
36526
-0.153
-0.671
2.441
2.563
-2.991
1.434
0.702
-1.862
1.709
-1.007
-0.397
0.885
-0.397
-0.183
0.519
0
-0.305
1.556
-2.106
0.488
1.282
-0.671
0.427
0.397
-0.214
0.671
-1.16
-0.305
0.366
-0.854
0.366
0.275
-0.946
0.397
0.824
-0.916
-0.671
0.671
-1.312
0.397
-0.122
0
0.336
-0.702
0.153
-0.031
-0.519
-1.068
1.373
0.702
-0.183
-0.519
0.336
-4.852
-43.732
-18.25
-42.206
-3.143
-385.986
-11.322
85.114
-27.405
-13.55
38.208
-27.771
0.885
-43.976
-24.628
-71.289
154.114
-38.147
30.273
23.621
60.822
17.212
-15.503
9.155
-67.139
-22.705
-48.553
-44.434
20.66
-88.562
105.927
86.7
-14.099
16.724
0.549
-60.486
-25.787
-71.198
-12.909
37.14
17.792
62.775
31.616
39.459
-110.474
21.362
-54.443
-42.267
-56.335
5.524
-0.824
44568
67.627
21.698
54.779
0.61
-43.884
-28.137
-199.677
-52.826
4.395
-31.677
24.139
62.836
22.095
59.235
-13.489
-9.155
-2.563
-50.629
-33.203
-31.891
19.531
-10.59
49.957
24.292
54.596
-4.15
24.567
-10.498
-60.272
-27.74
-44.952
-3.784
22.522
9.247
30.67
35.553
-2.136
39.001
-36.499
-55.389
-20.996
-51.697
-3.021
-8.209
-2.136
48.553
52.979
18.372
32.379
7.629
-43.61
-16.846
-58.502
-9.216
-24.658
44576
61.371
43.365
25.421
33.813
-25.146
-0.793
-25.238
-70.984
-12.604
-35.645
30.731
54.871
28.381
33.173
37.781
-14.893
6.348
-44.83
-67.23
-14.496
-34.21
26.978
41.931
11.627
41.26
42.389
-6.927
6.653
-59.418
-60.822
-16.174
-39.642
18.188
13.092
16.083
53.406
39.185
0.214
9.796
-59.845
-43.915
-14.74
-43.793
8.209
36526
22.095
64.056
42.389
-1.19
24.689
-37.384
0.244
-0.214
-38.33
-6.042
-7.355
7.385
47.638
19.44
-16.174
15.015
-40.009
5.737
9.491
-20.966
9.521
44578
8.484
42.389
6.897
-22.949
12.268
-35.126
14.801
11.475
-15.35
6.744
20.752
-8.362
28.381
-13.855
-33.264
8.698
-25.146
36526
7.782
-17.792
0.092
21.851
-22.797
22.491
-21.393
-31.921
11.078
-6.744
36526
16.113
-19.928
-6.256
24.323
-25.482
21.057
-17.639
-27.679
10.681
9.979
-7.233
22.186
-26.123
-14.191
20.813
-20.264
36526
-9.155
-27.527
7.294
20.355
-18.616
26.855
-25.574
3.662
-4.883
-14.13
11.536
12.573
278.076
-97.412
-122.62
60.913
128.082
-130.096
-43.518
82.55
8.301
-72.266
-272.522
-214.935
195.282
78.613
-125.732
-4.059
66.345
-40.253
-26.031
34.485
-8.301
11.505
-22.491
-10.651
131.195
220.428
-132.172
-65.735
49.774
22.003
-24.506
-11.383
29.633
4.242
-40.802
6.958
28.259
-26.733
67.2
-187.653
20.386
100.677
-25.513
-58.807
52.124
-13.519
-34.027
18.494
36526
-4.15
6.958
-27.466
-2.991
143.707
-13
-56.58
4.211
44568
-10.04
3.418
-10.651
32.593
-23.682
-24.109
17.548
5.341
-18.188
-60.547
-55.45
30.884
26.55
-33.783
7.477
25.421
-31.586
-18.28
27.069
-19.043
16.968
-2.106
-26.642
-14.465
56.824
-52.917
14.404
8.972
-23.987
-3.204
8.148
-9.369
25.391
-12.085
-24.628
16.266
-8.484
-1.678
-13.58
1.312
-5.676
10.681
-25.36
19.409
21.637
-16.174
-15.259
25.513
-26.123
19.867
21.606
-15.564
11.871
12.939
-36.652
28.992
28.046
-20.996
1.465
6.866
-17.914
20.63
19.257
-21.393
16.235
-7.385
-10.651
18.951
26.367
-26.276
15.961
-17.12
-12.36
19.073
11.688
-19.531
25.452
-21.973
-16.907
17.365
5.219
-11.444
17.853
-24.17
-17.273
16.724
-4.028
-8.24
21.362
-21.057
-22.705
17.853
-10.071
1.312
21.545
-17.578
-16.083
25.085
-20.264
6.958
24.841
-8.881
-19.958
24.384
-22.4
10.132
27.191
-4.15
-17.761
24.78
-27.618
36526
28.259
-0.488
-16.205
22.339
-25.97
-3.235
25.635
-1.465
-11.536
20.538
-27.13
-13.885
21.851
-1.587
-6.714
20.782
-21.912
-20.66
18.524
-7.782
-1.953
22.98
-12.695
-23.102
20.203
-10.803
-0.336
26.398
2.869
-20.721
20.905
-13.123
-4.15
28.503
11.993
-15.686
36.53
-12.36
-36.774
20.264
-8.636
-33.783
18.494
-278.9
159.515
-67.444
92.468
64.88
38.696
10.834
-33.63
-31.86
-25.177
466.278
-280.701
150.299
-63.721
44.281
47.119
36526
33.112
10.529
-43.274
-61.554
-24.048
-57.831
-2.594
68.237
93.628
-28.29
112.274
-33.844
-3.204
-19.745
-39.368
-65.369
-0.977
-14.252
-4.364
48.523
59.692
-36.896
222.137
-68.604
-26.062
-56
-35.614
-59.021
2.502
47.333
25.116
38.025
54.047
-11.017
-12.329
-2.441
-124.115
44565
-47.913
-8.453
-24.628
51.056
48.431
23.438
52.948
10.834
-42.816
-35.37
-29.541
-59.204
-103.027
62.592
5.188
31.921
65.826
0.397
3.967
9.125
-29.358
-56.335
-11.414
-38.391
-29.724
26.611
38.513
-29.449
87.677
17.395
-20.508
-36.224
-19.165
-65.735
-20.569
16.327
9.399
13.977
65.704
18.433
5.035
3.876
-9.766
-54.169
-19.653
-27.863
-44.098
-3.723
48.676
14.374
51.3
55.542
7.019
-33.569
-9.186
-19.958
-73.639
2.228
14.893
36526
59.601
47.516
8.484
-19.073
21.088
-52.704
-43.182
-9.369
-56.366
-31.708
27.252
5.249
35.461
56.58
44.098
-30.64
-12.848
498.23
-157.288
-10.132
0.305
13.275
15.564
68.695
57.373
-1.801
5.798
-5.554
-66.223
-32.043
0.397
154.602
-25.726
43.396
6.744
-3.876
25.421
44591
-37.537
7.233
36526
-18.677
-21.667
35.614
-1.648
-2.35
120.117
-9.918
-20.294
-6.653
-1.923
-40.009
-26.794
27.222
1.587
-2.136
35.583
36526
-27.985
-7.233
66.162
-88.593
36526
24.384
13.947
-8.514
38.849
-1.282
-25.452
-14.13
14.709
-27.832
5.768
34.698
13.672
-52.612
30.975
-3.113
-33.356
-15.839
16.449
-16.602
-5.524
32.532
8.942
-21.149
2.747
12.665
-30.701
-20.721
11.353
3.876
-19.226
27.557
0.793
-20.569
-7.66
23.834
-27.435
-5.371
25.085
36526
-7.721
-16.998
11.597
-23.132
19.775
210.815
-266.388
116.76
20.477
-133.85
115.997
-17.548
-57.373
41.107
-432.648
345.001
-21.057
-232.941
272.125
-115.204
-52.032
123.901
-112.732
37.231
22.827
-78.888
86.884
-7.507
-69.519
211.945
37.567
-210.815
168.396
-32.99
-88.013
105.957
-56
21.637
25.94
-49.591
49.561
-13.245
-57.495
40.039
102.02
-166.199
95.581
40.1
-73.822
52.704
0.092
-27.283
16.571
-38.971
28.107
3.845
-33.325
57.709
120.941
-99.487
20.844
60.791
-77.271
10.315
11.169
-7.996
3.357
-2.106
24.017
21.057
-40.009
18.921
67.657
-58.716
-28.107
61.31
-26.703
-13.855
35.034
7.721
9.705
-20.172
12.665
12.421
-31.433
-11.536
52.246
-11.139
-41.107
53.009
8.057
-18.036
0.153
10.284
-2.96
-19.165
-15.045
29.816
-15.991
-20.599
36.652
35.156
-41.565
3.143
23.865
-13.458
-17.822
-15.167
26.398
-16.418
-20.325
26.093
27.588
-24.078
-5.524
36.743
-15.991
-17.944
-1.129
17.731
-16.663
-19.47
36526
44591
-20.813
-2.655
31.647
1.862
-24.292
-6.989
16.083
-13.336
-17.426
-1.77
26.733
-19.806
-16.846
33.447
16.785
-23.285
-8.392
28.717
-8.24
-33.081
-12.054
22.644
-0.305
-20.142
14.008
27.039
-13.062
-17.548
29.266
15.839
-13.275
-21.576
16.266
-2.35
-28.137
-6.927
25.177
-0.031
-28.442
17.792
30.64
44565
-26.703
4.791
16.754
-13.885
-22.766
7.172
16.907
-27.618
-14.191
23.621
18.494
-23.773
-13.062
29.785
12.848
-18.219
-13.489
22.98
-9.918
-27.832
-4.822
28.412
3.448
-27.039
1.801
26.245
6.836
-22.247
15.35
23.346
-14.099
-31.494
36526
25.909
-15.472
-21.667
2.289
24.109
-13.916
-14.496
27.802
35.675
-11.871
-48.828
0.946
-7.751
-18.372
-16.144
132.172
-56.885
28.076
20.966
32.318
69.946
-34.271
-35.706
-5.493
-9.369
-388.519
5.432
53.589
32.654
23.743
36526
29.785
20.599
-48.492
-64.026
-44.922
-14.465
-27.527
-8.179
-97.687
-24.231
81.543
-1.099
14.038
8.972
-43.243
-81.238
-32.776
19.897
10.986
6.958
49.255
77.759
140.106
-114.777
-29.877
-4.913
-50.751
-68.481
-16.327
38.208
50.873
21.484
25.97
48.92
19.501
-33.081
-58.777
26.672
-56.732
-31.158
-18.86
37.628
66.986
33.905
2.533
17.395
12.909
-24.17
-68.939
-30.243
-2.655
127.563
-24.628
21.423
71.533
49.713
-1.251
-24.109
-11.23
-13.855
-58.167
-50.018
-9.674
37.598
19.165
-9.064
59.052
40.588
16.388
-44.037
-47.211
-24.536
-12.177
-38.3
-14.587
34.271
68.451
34.454
1.373
10.834
37.811
-21.545
-71.716
-51.178
-3.571
18.494
4.944
14.893
54.688
55.206
17.822
-34.729
-35.553
-18.555
-51.636
-38.208
-29.907
34.851
58.35
42.877
44568
28.595
19.409
-11.505
-64.453
-64.972
-10.223
4.852
8.789
11.688
41.29
67.596
43.945
-21.912
-34.79
-18.555
-18.707
-38.452
-50.201
10.071
48.798
44.128
24.139
3.082
28.046
25.665
-29.724
-46.814
-28.046
2.411
14.526
-14.16
-8.667
38.269
44.617
0.214
-37.598
-24.017
10.284
13.245
-15.381
-17.822
12.726
33.325
30.518
-12.634
-30.426
-11.017
14.679
0.793
-23.804
-17.12
29.083
40.802
-3.143
-33.508
-10.59
14.771
5.402
-14.465
-25.97
-3.479
38.666
26.489
-14.008
-31.982
-3.876
23.926
36526
-27.466
-12.451
7.599
41.077
6.653
-23.804
-13.031
5.646
44585
3.082
-33.844
-5.524
14.099
33.447
-5.096
-25.879
-6.653
7.446
31.25
-15.594
-21.24
-22.552
26.764
31.586
-10.651
-23.468
-11.322
13
16.846
2.289
-29.144
-22.034
28.381
28.961
-4.761
-25.513
-11.566
15.656
23.254
-23.102
-12.207
-15.656
74.921
188.66
-189.026
-60.089
73.273
-7.751
-82.672
47.76
41.534
-86.243
113.831
-360.443
34.241
198.792
-89.661
-100.006
67.078
63.873
-30.64
-46.906
6.897
22.797
10.925
11.139
-12.299
243.835
67.749
-126.312
7.904
75.531
-36.224
-61.127
41.748
38.147
-10.529
-26.794
-15.198
2.045
32.318
-144.257
-115.54
72.296
18.341
-29.327
10.834
40.1
-29.968
-46.57
21.637
24.597
17.395
-6.5
-29.51
-26.917
111.389
-19.958
-36.011
6.592
0.916
-30.09
19.379
42.206
-8.331
-24.78
-22.98
15.564
17.792
27.588
-94.147
-18.585
31.372
-5.157
-1.587
38.818
-13.275
-39.185
-5.066
12.085
29.022
17.548
-26.337
-16.266
46.082
13.275
2.014
22.034
-12.115
-25.055
-22.461
13.336
43.091
-2.533
-12.39
-29.205
-20.752
21.606
31.708
-0.397
17.151
-35.339
-19.836
6.714
26.52
25.818
-9.613
-35.431
-11.597
-8.484
33.752
14.404
5.615
4.608
-46.661
-3.632
23.621
34.058
0.824
-5.402
-32.562
-5.341
3.113
25.36
31.036
-11.169
-15.717
-41.443
7.812
29.572
11.475
22.888
-23.468
-32.074
-8.301
36526
22.552
37.872
-7.477
-10.376
-29.663
-9.521
7.202
30.579
11.597
7.935
-36.743
-23.987
-15.869
23.56
26.489
8.331
-6.104
-18.188
-34.485
-7.965
17.517
38.3
31.403
6.622
-20.477
-38.177
-25.238
4.944
38.208
32.227
7.843
-22.888
-43.243
-9.155
9.155
13.397
38.788
9.247
-31.464
-30.09
-10.59
-1.617
11.566
19.653
12.604
-13.58
-34.271
-45.38
-18.524
19.47
40.07
33.203
2.777
-25.665
-31.372
-20.111
0.671
44589
38.849
23.773
-7.294
-22.766
-28.229
-23.651
2.563
29.358
33.997
21.576
-0.977
-24.384
-43.671
-44.403
-25.177
-3.082
20.905
45.135
13.367
22.766
-10.529
-2.502
-180.267
58.472
8.026
23.315
-8.423
52.002
-21.362
-25.97
-44.922
-147.217
134.338
-22.736
16.022
89.111
29.541
48.431
-24.933
-32.471
-46.722
-42.877
-29.51
-17.639
-11.108
-7.568
-340.973
172.913
-84.167
40.436
-28.809
-14.252
-20.905
-33.081
-39.642
-41.26
-27.924
-1.953
23.987
18.28
29.205
-4.791
46.387
-30.212
-17.944
-51.025
-14.404
-20.233
-5.646
6.134
17.059
34.943
41.718
34.485
47.699
-133.301
-9.857
-83.405
-34.515
-3.296
33.569
60.883
60.516
37.17
3.296
-21.271
-40.283
-40.039
-27.954
42.389
-41.199
29.541
-3.54
24.506
9.308
3.998
-12.329
-30.548
-36.896
-41.779
-33.691
-15.686
4.211
93.506
18.707
48.981
33.478
4.486
-4.364
-10.04
-1.678
8.423
7.172
16.449
29.236
11.993
-2.777
-3.601
16.113
-56.396
-48.035
-32.043
20.966
34.607
24.933
33.752
69.489
57.19
-12.238
-22.461
-21.423
-81.177
-74.799
-27.039
-33.752
-14.954
57.709
105.591
37.109
56.152
62.378
42.877
62.836
-38.818
-41.046
-67.871
-60.028
50.598
-13.55
-6.561
44578
-362.885
112.701
-67.383
8.636
-53.558
-8.85
60.333
46.722
33.661
79.773
85.571
16.205
-21.393
4.028
-49.866
-20.874
-53.864
-0.702
-22.064
-29.388
32.501
34.058
-34.119
-0.092
-5.371
-59.479
-57.617
11.078
-13.824
-20.874
140.564
61.279
30.762
61.523
65.155
-8.453
12.421
30.151
-34.546
6.897
31.982
-13.397
4.089
62.561
78.613
-57.983
10.742
-42.511
-64.392
5.371
-25.391
-43.121
18.555
-16.754
-48.279
-7.69
-18.921
-76.904
42.114
-67.902
6.805
-21.942
-55.115
22.095
-59.357
13.336
-71.35
2.441
-38.696
-48.462
24.384
-54.26
36.713
17.761
-53.955
25.665
-52.979
-11.688
0.763
-62.317
24.872
-45.868
44585
-41.656
-22.034
29.083
-77.85
-130.585
-239.105
66.498
111.115
-164.948
-43.701
92.834
-57.465
-39.398
-62.927
-347.076
298.157
38.91
-167.267
-57.617
37.811
21.118
-50.629
-44.617
-14.343
18.005
25.177
-36.56
-14.557
66.65
-110.229
-172.394
106.171
128.815
-8.392
-29.419
24.017
62.775
59.113
-7.568
-38.483
-57.037
-16.388
52.795
67.23
114.136
-135.376
-162.079
-47.913
-48.828
-61.188
9.827
70.526
65.582
44.464
24.536
9.888
-19.714
-13.977
-155.273
-34.058
19.958
-35.98
-10.834
29.236
1.038
-43.274
-53.467
-39.612
-40.802
-22.278
-10.406
-12.085
80.444
36526
-95.917
-35.828
64.026
73.181
44583
-60.699
-118.164
-81.39
18.829
89.874
63.171
-21.851
-108.856
-43.274
95.703
103.302
5.585
-83.801
-105.53
-83.954
60.242
93.872
61.89
91.431
-150.757
189.392
-141.388
-140.747
174.5
-141.296
-121.002
171.57
-434.753
342.56
38.971
-266.296
312.225
-178.162
-34.058
58.35
-99.274
37.17
159.393
-157.44
184.753
-130.981
-40.863
239.288
-86.945
-15.869
95.184
37.109
39.703
-20.111
-167.725
146.057
61.249
-138.58
-62.805
-79.773
-59.113
115.57
158.295
-257.904
32.013
4.059
51.788
187.256
-89.6
-145.325
-68.42
-133.942
-119.598
-115.692
-218.719
-56.61
161.713
101.227
200.867
-31.158
-247.07
-28.687
117.676
161.835
161.163
-103.851
-117.981
151.947
-167.694
177.979
-30.884
-76.599
65.826
-108.856
166.718
-103.271
55.054
-16.907
-176.056
243.622
31.677
-100.342
-259.644
-74.005
57.587
167.694
-156.982
-85.663
-30.701
76.019
217.041
31.586
-258.514
300.568
88.715
63.385
-149.017
69.702
166.595
31.952
21.484
270.538
115.509
19.104
85.907
44.678
165.1
-280.762
-59.662
-196.869
-296.509
-79.987
255.89
350.677
137.268
21.79
-293.182
-27.344
-222.046
213.165
-144.806
29.633
232.117
-49.133
-399.475
120.148
232.117
-607.452
223.755
-406.891
349.701
-577.301
-190.887
-203.827
3.662
-120.026
-363.281
-222.382
-74.097
584.32
-322.876
215.21
292.969
128.937
173.462
192.078
44571
217.133
-232.635
223.694
-77.728
-13.733
-1.068
391.815
-274.75
-17.975
-100.189
-118.256
35.095
-151.062
-184.723
240.784
60.059
78.156
-75.562
90.668
-253.845
-54.016
-133.331
-24.872
94.482
-83.618
12.482
23.041
80.231
-20.142
4.181
-21.576
26.367
-14.801
-62.256
78.735
-5.92
-54.321
65.979
-28.259
-12.817
31.769
-58.472
-2.35
-5.005
-12.39
17.487
-1.923
-9.613
16.998
27.954
-44.556
34.149
-2.014
-18.646
25.452
-23.987
28.595
-10.437
-12.634
5.371
8.942
-6.195
6.165
30.518
-29.51
11.475
9.277
-19.562
15.259
-2.899
-11.78
16.693
-12.909
0.732
6.012
-6.012
10.986
23.071
-15.991
-0.763
36526
-13.214
36526
3.235
-6.134
25.787
-4.822
-4.303
5.371
-2.96
1.099
11.841
-3.967
-6.287
10.223
-6.653
0.153
4.913
-5.615
10.864
5.615
-5.31
36526
-0.519
-1.282
6.805
36526
-6.989
6.348
-2.045
-2.35
4.211
-2.991
-2.991
7.843
-2.441
0.519
0.61
-1.312
1.007
36526
-5.31
2.899
0.58
-2.716
2.716
-1.007
-0.916
1.221
0.58
-0.366
0.732
-0.854
0.58
1.801
-2.716
0.61
1.556
-2.136
1.312
0.153
-1.129
-3.632
0.641
-0.031
0.458
-0.519
0.092
0.458
-0.977
-0.641
1.526
-1.251
0.305
0.61
-0.916
1.556
-1.007
0.214
0.397
-0.275
-0.061
0.122
-0.397
-0.916
1.099
-0.519
-0.214
0.61
-0.549
0.122
-0.946
-0.336
0.427
-0.061
-0.183
0.214
-0.336
-0.671
0.58
-0.061
-0.366
0.458
-0.214
-0.092
1.312
-0.824
0.244
0.092
-0.183
0.122
-0.244
-0.427
0.153
0.183
-0.336
0.275
-0.031
-0.153
0
-0.488
-0.092
0.183
-0.122
0
0.092
-0.244
-0.031
0.214
-0.214
0.092
0.061
-0.153
0.122
0.153
-0.305
0.092
-0.031
0
0.031
-0.092
-0.061
0.153
-0.122
-0.031
0.092
-0.122
0.031
-0.092
-0.122
0
0.031
-0.031
0.031
0.031
-0.061
0.122
0
-0.031
0.061
-0.061
0
0.061
0.061
-0.031
0
0
0.031
0
0
0.061
0.031
-0.061
0.031
-0.031
0
0
0.031
0
0
0
0
-0.031
0.031
