 20   6   9  10  80  87   8  22  13   5   5   4   8   7   2 106   3   0
    6   3  25   8   0  76  10   1   1  12   0   0   0   1   0  13   8   4
    9  18   8  33  10   3   1   9   0   8   7   6   5   3  85   0   5  36
    6  14   6  13   1   3  81  16   4   4   2  13  11  12  15  10   4   1
   14   0   0   0   2   2   6   2  21   8   3   0  11   3   5  18  14  32
   12   4  21   4  64   2   0   7  10  18   0  11   5  15   2  12   8  19
    2   4  47  23  14   2  15   3   3  20   6   1   0  23   5   2   6   5
    1  42
   9  17   9  14   4   0   8   7   3  12  64   3   6  30   6  46  32   3
   11   1   7  12   6  17   0   8   0   3   7   6  26  11  81   4  27   5
    7  12   4  23   0   5   5   2   5  29  25  11  36  10   4   0  11   6
   38   8   4   7   9   4   3   9   5  10   3   7   5   2   9   6  17   3
   11   0   0   3   8  13  17  35   5   2   5   1   3   7  19  13   6   3
   33   8   7  14  13   2   5  10  11  23  28   3  16  13   5  55   7   8
    9   6   5   6   4  14   5   3   1  14   0   0   0  18  73  11  74  11
    5  43
   2  10   4   6  35   7   7   7  26   8   1  58   1   3  34  18   7   5
    5   3   8  73   4  12   7   8   0   0   8   1   1   6   8   3   3   4
   27  85   5   3   9   2   7   6   4   0  28   5   7   9  18   9   4   2
    6  23   0   2   8  10  48   6   2  72  17  11   9   1   4   9  89   9
    6   8   2   1   0   5   1   0   2   8  12   4  13   5   5  10   7   5
   16   4   6   4   2  11  49  72   9  12   6  35  53   3   1   0   4  19
    2  10   5   1   3  25   5   7  24  12   0   2   0   9   4   1   7  37
   53  43
  71   6  11   1   2  27  11   3   2   8   1  23  16   9   2  19  35   7
   18   6   6  67  18  72   5  15  75  13   7   8  81   4  23   5   0   2
    2   1   8  11  15   3  11   2   6   9   1  10  17   5  15   5  13  16
    8  23   7  11   1   4   3   0   1   1  26   3   6   4   7   5  14   1
    0   3  58  10  20   3   8  28   3  15  15   5   7  10   6  37  19  85
    2  10  15   9  11   4  23   5  22   8   1   0   5  30   7   2  28   5
   56   2   1  28  10  14   6   2  24   6   9  13   6   6   6  13   0   6
    0  43
  84   9   6  67   3   7  32   1   8  11   2   8   2   2  11   8   0   0
    6   7   9  45   6   4  11   5   2   1  13   1  23   3  12   4   0  12
    1   9   8  32  24  17   7   6   2   9   3  14  52   5   1   6   7  16
    9   3  10   5   6   2   0   6   2   2   9   1  16   5   5  24   2   1
    1  14   5   3  16  20   6   0  11  37   0  11  12  11   3  10   7   3
    1  90  11   5  27   0   3   5  20   8   1   0   2  16  11   1  18 101
    6   1   4   6  11  22   3  22   7   5   7   0   9  56   7   3   0   2
    0  43
  16   3   6   0   1   7  11  28  21   7   8   7   1   3   5   5  16   1
    1   1   1  29  18   9   4   5   4   3  34  12  31   2  10   6   7  23
    2   9   3   9   9   5   5   6   9  13   8  29   0   2   3   4   0  17
    6   6   5  33   9  24  41   2   0   0   2   4  15  12  16  28   9   7
    2  13  12  12   6   6   3  35   3   4   5   2   7  13   4  15   8  22
    9  24  14   3   5   9   7   6  15   4   2   3  23   5   8   6  17  12
    4   7   2   1  11   9   6  45   3  16   6  20   1   4  17  41   5  22
    8  41
   2   9   0   4   1   2  13  12   9   0   5   3   5   6   1   8   6  76
    7   0  10   6   7  86  20   8   5  35  19   0   7   6   0  17   4  31
   11   3   7   5  16  11   4  12  11  69   5   6  11   5  11   9  18  22
    5  11  30   9   4  11   5   0  10   2   6  10 141   7   7  14  11   8
    6   6   6   9   1  18   2  93   2   1   6  13   5   2   4   4   1   4
   14   6  19   5   7   7   1   7  10  18   5   7  35   5   2  12  21  24
    8   4  17   3  11  32  85  13   6   3   1   3  32   8   2  17  10   6
    2  42
   0   7   2   0   1   0  11   1  18  25   5  11  26   3   2   2  43  10
   14   1   5   8  11   3   1  44  59   6  26  37  37   7  52  35  10   8
    3  11   7   7  36   8   6  17  11  19   8   9   4  16   8   4  32  13
    7  13  50   2  21  15   3   5   5   4  28  16  48  20   2  19   6   8
   53   4   3   8  18  12   7   3  22  18  16   6   2   5   5   4  25   5
   27   4   5   3  12   8   5  25   2  34   3   4   7   4  22  26  29  29
    5  66   9  11   6  10   3   5   4   6   3   3   2  19   8   3  44  11
    7  40
   0   1  18   0   2   3   2   2   9  56  41   8   2   1   5  11  10   4
    0   0  30  12   2   5   0  16  43  14   3   4  26   4   8   8  18   4
    1   7  15  22   5  36   0   1   4  23   7   4   6   4   1   5   1   5
    5   5   3   4  21  20   0   8   5   0  15   8  24  21   1  60   4   5
   22  21  37  24  27   3   2  72   4  78  21   4  40   4   6   6  29  12
    8   6   2   9   7   0   4   1   3  19  21   2   8  11   1   1   2  16
    1  10   8   0   4   0  67  13   4  25  53  21  12   6   2  65   2   8
   75  41
   4  10  19  14   7   5  25  71  24   1   5   3  21  36   8   5   1   0
    1  47   7   1   2   7   4   6   2  43  30  69  13  21  28   5   9   5
   16  64   1   1   3   8   4   2   1  13   2  12  10  19  10   0   0   1
    3   3   6   5   5   7  53   4   7   3  55  70   9  11  12   3   6   7
   10   9   6   2  31  30   9  10  16   8  32   1  11   7   4   1   7   0
    4   2   5  35  37   1   0   0   2  87  14  16  14   8  15  27  40  15
    5  66   9  44   4  76  38   2   5   9  15   4  10  55   7   4   8   1
   21  40
  11  15  74  18   9  10  11   6  24   7   1   4  10   6  10  11   0   4
    8   6  81   5  36   6   3  31   2  61   5  83   5   8  17   3  25  21
    6  26   4   4   2   4   5   7   8  31  63  21  13  11  13   0   0   0
    4   4  21  12   3   3  15  11   1   4   2   1   1  27  13   6  11  21
   12   5   8   2   8  12  45  17  12  18  29   6  10   7   6  70  71   7
    3   7  25   4  13   3   0   0   4  12   6  15  33   3   2   5  11   5
    9  24  11  16   5   8   8   8   5   5   1   4   6  11   7   6   9  10
   22  37
  41   5   1   2  23   5   2  11   7   3  20   3   2   4  10   4  57   1
    1   0   2  34   3   6  20  24  17   2   1   4   6   2   1   3   3   2
   12   7   6   2   3   8   9   5  10  27   8  42   2   0  16  12   8  57
    5   8   2   4   5   2  33   2  19   4  12   7  23   3  14  11  16  26
    2   0  15  16  14  11  17  12   5  78  47   2   6  27   7   8  23   5
    3   1   5   7  15   0   5   7   1   2  10   1   8  11   7  18   8   3
    4   3  16  10  15   9   2   5   4   8   7  11   4   2   3  10   3   2
    4  68
   6  16  26   7   9  11   0   5   2   7   9  47   3  12  29   2  26   6
   58   7  13  11   4  33   9   8  10   8  14   6  28   2   0  50  10   1
    4   4  17  23   4  13  50  19   1   8   6  10  10   2  10  25   4  15
   46  18   1   4  28  21   5  20  14   4  13   1  11  35   6  31   6  41
    8   6   5   1  28  15   1  12  17   1   6  42  10   1  24   4   9  31
   13   1  27   8  15   2   7   1   2  18  15   3  73  13   3   1  66   4
   65   2  73  91  10   5   5   4   1   5  80  17   7  25   7   6  15   4
    2  42
   2   7   2   6   7   4   9  68   5  10   5   8   1   4  63   5   1  13
    1   6  12   4   1   6   9   5  83  10   9  63   7   5  85   5   2   8
   13   3   0   4   3   4  13   2   2  12   7   8   4  13   7   3   5   9
    4  13   7  20  12   9  15  22  17  10   5   4   3   6   8   2   2   4
   19   4  20   5   6   6   3   2  10  12  18   5   3  48   3   6   4   3
   48   3  16   3  20   0  14   3   6   0  13  80  21   6  20   7  33   9
    8  27   4   6   5   6   5   2  60   7  10  17   4  46  13   6   8  19
    5  42
   1   4  53  26   6   6  22   8   5  12   8   9  12   1  12   1  17   5
   17  24  18  41  11   5   2   5   0   5   0  13   4   1   9   3  22   1
    2   3  25  25   3   0   3  12   6   6   1   8   0  20   1   6   0   7
    6   1   9   7  10   1  39  13   3  11   9   0   0   0   1  55   4   0
    5   9   3   1  20   1  53   1   5  10   4   3   3   0   2  23   3   0
   25   0  28  20   7   4   6   6   1  17  38  67  43  10   4   2   5   7
   23  11   9  10   5   0   4  43   9   1  40   2   1   7  36   0   0  24
    9  41
  30   6  23  12  19   5   5  17  11  53   1   0   4   3  14   4   7   4
    6  12  78   0   2   4  32   4   7   3   7   5   2  12   3   3   4  25
   48  10  11   6  10   2   0   1   5  11  40  10   2   3   0  12   6   8
    9   5  23  11  14  21   1  11   6   4   4   1   6   9   4  10  11  49
    5   0  29  12   7   1   7   4   2  43  11   1   0   4  11   4   7   3
   27   5  12   5   5  26   7   4   3   0   6   0   6   8  13   3   4  96
    4   7   2  17   0   1  18   1   3   0  10   2   7   8   3   3   5   7
    5  42
   9   4   5  68  28  10   8   4  27   2   3   3   2   4   0  10   4  55
    8  13  18  55  59   2   1   1  51   3  27  37  74  36   3  12   8  18
    0  10   0   2  71  20   0   0   6   8   2   7   1   2   6  19   6  25
   15  12  14  28  38   5   2   3  10  15   7  36   3   5   0  10  18  26
    5   2  26  17   0   1  16   0  11   7   3   7   6   1   1  15   1   8
   34   3  17   5   2   0  19   6  24   7   6   3  71   5  10  57  19   8
   16   5  12   0   2   6   7   2   3   0  13   7   5   4  44   8   4   9
    3  43
  17  13  18   1  14   2   5  12   1   8   0   0   1   3   2   6  16  12
   11   5   2   7   7  22  19  50   1   7   2   2   0   1  12   4   2   2
    4   4   2   3   5  31   3   5  14   7   5  25   3   5   8   4  51   3
    3   3  13  25   2   1   4   5  26   6   7  10  10   4   3  47  71   6
   22  18   7  35   2   3   5   6   4   3   4  12  22   6   4   1   6   0
    3   2  13  15  18  10   5   7  19   4   5   3  43   7   7   0   8  25
   13  26   3  22   8   5  61   6   2  67  34   3   4   6   0   9   5   4
    6  40
   2  11  16  11   0   4   2  22   9   3   4   1   4  23   9   2   3  26
    4  28  64  17   0   2  77  14   0   6  23  18   1   5   1   0   9   0
    9   6  42  16  15  13   1  41   9   4  11  64  27  10   4  49   1  16
    0   7   2  19   7   3   2  11  19  22  86  29  10   7  19  16  20   0
   13  19   3   5   0   4  23  67   3  10   0   4   4   1   6 114   6   0
    2   1  15   7  22   0  17  18  91   4  26   5  13 115   8   9   5  11
    1  46   5   7   1  18   5  42   2   5   3   3   8   8   2  12   1   7
    9  37
   6   8   7   3   3  24   4  77   3   6   1   0   0   0   0   1   1   4
    5   2   3   2  10   5   4  20   8   4   2   1   1  18  34   6   6   6
   13   5   9   2 111   3   5   6  12   3  13  11  49  10  10  40   6   5
    5   8   9  42   4  11  16  15   5   5   3   4   5   5   5  20   9   3
    5   3  18   1   4   4  10  61   5   4   2   5   3  22   4   0  12   5
   12   5  15  12   9  85   3  10   1  22  14   9  14  11   4   0   4  33
    7  20   0   9   7   0   3  16  12  22  66   1  53  50  13   2   1  11
   23  43
 101   6  23  12  18   6   3   6   6   2   4   5   3  13  27  10  31   3
    1   8   0   9   1   8  15   1  14   9   2   4  10   1   7   4  11   1
    1   7   6  13   1   1   9  22   0   7  26   7   2   2   0   4   2   8
    6  12  15  27   1   6   5   4  25  16   7   5   0   9  12   7  80   4
    6   2  32   4   2   5   4   2   7   0   0  14   3   0   4   4   3   1
   31   7  42  37   3   3   6   6   3   5   3   5   3   1  29   2   6   7
    5  14   5   1  16   6  40   8  13   1  56  22   9   9   8  53  25  16
    8  40
   4  14   2  10   1  29   5   4   9   2   8   5   9  12   6  29   2  30
   18  35   4  19  48   4   9  58   5  11  17   5   9   0   1  16   5   3
    3   2   2  17  47   4   0  33  18  69   4   4  28   0  13   9   0   2
  103  51   1   0   2   0   3  12   7   7   2   7  50   8   6  38   3  27
   26  24   2   4   6   5   9  27   5   0   2   4  26   0  61   4   9   4
    1  55   6  10  10   4  33   4   6   1   1   7  28   7   6   4  19  13
    6   4   0   4  68  21   5   0  14   8   2   6  39  10  39  20   2  11
   35  45
   0  25   2  18  98   1  41   5   0  20   3   4  21   3   4   1   1   6
    1  12   5   0   0   1   1   1   2  12  12  13  13   0   1   6   0   1
    9   0   0   8  13  43  15  13  11   7  10  11   4  17   2  49   4  20
   31   5   4   0   2   0   0  15   7   1   6  40   1   1  98   1  42   7
   15   0  13  96   9   8   2   6   3   0   2   8   1   3   7   5   6  32
   65   0   7   8   7   8   1  31   6  10   2   0   2   0  25   3  14  10
    9   0   6  13  11   1   9  16   5  87  55   8  94  11   3  64  14  86
   40  43
   4  70   3   0   2   6  53   6  11   0   8   4   2  13  13  51   4  29
   10   4   4  18   0   6  11   4  11  11   5   3   1   5   3  29   5  10
    9  47   1  51   7   2   4   5   6   5  22  21   8   4  21   4   4  10
   15  31   8  19  40  33  11   4   4   4   0 107   4  29   5   5   6   6
    4   7   4   2  23   3  24   9  44  11   4  29  32   7   7  10   8  21
   13  35  13   5   4  10  11   0  13  32  11  70  18  72   8 106  27   5
    7   6  25   3   7   6   3  16   6  17   2  46   4  43  26   2  28  28
    3  39
  23   2  17  13  14   0   4  13   1   4  11  10   0   2  25  78   0   2
   19   8   4   5   1   2   3   0  11   6   0   0   1  16  27   9  23  11
    5  16   3  42  11  41   0   4  28   5  23   1   3   4   3  19   6   5
   51   6  12   2  18   4   0   2   6  14   8   2   5  51  12  18  13  18
    1   9  37  46   1   6  23   6  17  17  77   4  53  23   3   7   4   9
    0   2   8   4  17   3  82  58   3  66   1   9   3   3  15   8   4   2
    3  11  10   0   0   2   8   1  11   1   2   6  16  11 109   5   4  30
    0  56
   9  31  36  28   9  12   2   2  18   5   1   3  34   1   0   0   7  14
    5  24   1  43   1   5  60   3  15   1  14  16   0   4  30   2   0  14
   37   8  10  11   9  18  25  20   3  40   5   8   1   0  49   2  39   4
    5  15   5   8   3   6   1   0   1  16   1   4   7   6  16   6  22  13
   20   2  20  31  18   4  10   1   6  34   0   4   8   1  35   6   1   0
    4   6   2   6  13   0   4   8  12   3   4   0   3   5   8   0   5   5
   41   0   3   6   6   5   3   3  33   1  40  28   3   3   3   7   5  20
   12  39
   5  19  27  11  10   6   7  19  30   2   0   5   0  66  71   1   9   4
   11   0   2   5   1   3   2   4   0  10   0   4   0  12   3   0   5  31
    0  69   0   0   0   9  53   5   0   2  15   4   0   0   1   6   5   2
    5  15   2   0   4   1   6   0   0   4   5   5   1  67   4   3   8   3
   39   0   3   6  37  11   1   3   9  12  44   4   5   7   0   8   7   6
   38   6   4   0   3   6   0   2  13   0   3   6   1  13   1   0   5   1
   61   7   4  44   6   1   8   0   8  13  10   1   2   9   9   1  13  14
    2  43
   0   5  10   4  57   3   1   5   7   5  16  19   9  13   1  43  22   4
    6   3   2  10   7   7   6   7   5   0  11  12   7   0   3  15   0   4
   14   6   0   0   0   4   7  18   3   5   3  21   3   3   2  22  11  31
    6   8   1  11   6  32   6  31   7   3   1  23  42   3   6   3  17   6
   29   9   9   9  17  12  10   5  16   4   1  44  35  11  21   5   6   1
    9   2  22   2   3   1  25   8   2   0   4   2   4  21  28   2  13  12
    6   3   9  53  35  15   3  87  12   6  12  11   5  26   9   5   6   7
    6  42
   0   1   4  32   9  11   3  10   2   2   3   2   5   2  11  13  17  10
   14  10   5  12  19  19  84   0   1  12   0   1   4   8   0   0   2   1
    1   7   0   7   9   3  74  11  89   6   5   1   0  15   0  68   5   3
   21   6   2  13   4   8   3   0   3   9   0  28  23  72   0   8  43   1
   23   0  10   3   3   0   4   7  27   5   4   8   3   9   0   1   9   3
   43   5   8  11   7  10   2   0   0   5   1  11   2  16  12   0  94   7
    5  43   7   5  17   2   5   3   6   0   3  79   1  90   8  10  71   6
    6  46
  17   8   4   2   1   5  12   5  11   4  28   5   4   0   9  24   2   5
   49   7   6  32   8  32   6  53   6  19  18  12   4  18   0   1   9   0
    0   0   2  54  10   6   2   5   5   5   8  10   2   8   3   7  37  22
   29  12  10  19   5  22   0   3   6   4  25  16  52  28  31  13   1  24
   11   4  12   4  10  55  15  11   1  51   5  11  16   8  18   5   4  80
   12   3   2   2  14  31   8   4   3  15   0   3   3   7  46   1   7   4
    9   6   8   2  31   1   4  18  14  10   3   6   3  12  12   4   8   7
    8  43
   6   3  75   6   0  13  27   9  22  10  10  10  98   2   3  50  10   4
    8   8   7   9   0   3   0  24   7   9  11  12   9  62   3   7   0   0
    3   0   8  27   3  10   0  12   7  47   4   3   7  12   0   3  19  11
    0  17   9  64  12  62  17  50  46   1   4   9   0   2  24  24   6   7
    5   1   2  10  11   2   7   8  33  15  65   2  11   4   0   5   2   1
   12   8  14   5   0 121   2  13   8   7   4   0   0   0   1  29  17   3
   15   1   9   2   2   4   4  18  11   1   0  54  14   2   7  15   0   7
    0  37
   1   4  34   5   5   3   0  19  35   4   0   8   0   4  27  45  53   2
    0  44   2   6  24   1   3  52   1   2   1   8  33   3  22   5   2  17
    7   5   6  36   7   1   8   0  11  11   8  12   1  15   4  47   6   8
    9  32   5   2  16  18   8  40   4  12   7  22   1   1   0   1   2   3
   16  12   5   9   6  11   5   9   3   2   5  11  28   4  41   8   3  16
   10   6  21  15  15   6  10   0   3  12  11   9  30   2  29   4  29   7
   14  28  13   7   7   3  11   5  11   0   1  14  17   6   3  69   7  16
    1  43
  10  11  14   9  32   0   5  29  23   8   0  11   7   7   2   1   9   2
    9   7   1   3   0   5  12  22  11   7  47   7   9  48   0  33   6  28
    0  16  12   2   0   5   1  14  14   4   5  20   6   6   2   5   8  45
    2  36   6  31   1   2   3   7   9  20   0  25   5   0   0   0  12   9
   49  56   4   9  35  14  17   3  11  81  22  23  16   0  28   4  25   2
    5  15  73 119   3   2  34   0   5  16  33   0  10  27   3   2  10   3
    7  30   0   1  11   2   0  58   4  60   4   1   4   8   0   7  35  19
   19  43
   2   8   1   3  25   1   6   2   4  73   7   0   9   4  71  46   3   3
   61   5   0  52  10  20   5   5   8   6   2   5  21   4   3   5   9   2
   28   4   2   8  14   5  12   4  29   8   2   1  86   5  81   4   5   8
    9   6  52   2   9  31  43  10  20   3  15   1   7   0   1   4   5   1
   29  12  10   7   0   4   0   2  31  29   0   4  38   6  17   2   7   6
    8   7   7   5  12   8   5   9   0   7  12  12  58   9   5  30   4   4
    7   8   8  22  61   6   6   4  11   5  39   6  25  22  14   1   4   0
    4  39
   2   4   2  14   4   2  11  51   2   1   7   5  12   1   1   1   0   0
    0   3  14   3  11   1  16  13   1   3  11   2   0   4   7  27   4   9
    1   2  45  12  12  15   1   2  94   5  25   3   0   1   0   7   8  15
    5   3   3   2  28   5   2  14  22   3  13   4  36  70  13  10   0   2
    8   8  76   2   4   7  13  30   2   5  14   2   8   2   1   5  11  22
   19   2  13  10   3   1   8  57   1  13  33   5   1   0   0   4   1   5
   12   7   8   5   2  23   7   3  25   1   1   2  20   1   2  13  10   2
   17  37
  24   7   7  15   2  48  78  17   9  22  52  31   8   8  17  38   0   0
    3  46  27  69  33   4   2   3  21  23   7   9   2  13   5   5   5  16
   34  29   0  21   5  15   7   8   0  32   3   7   2   2   1  24   2   2
   40   7  32  12   6  10   4  38   4  71   6   1   7   2  29   5   1   3
    3   4  21   7   5   4  22   5   2   8   6   9  23   8  29 109   5   8
    3  61  77   6  16  16   3   7  77   3  13   4   6   5   4  16  18   0
   74  17   4  15   4   9   5  20  19   6   6  29  27  10  53   4  38   1
    7  43
   1  40  13   7  50   4   1   2  82   7   0   0  63   5   1   8   0   0
    0   4   0   5  30  12  35   0  10   5   7   3   2   5  23   1  33   3
   10   3   7   1   2  20   8  10  11   3   4   2   0   2   1   1  54   6
    5   6   1   2  15  14   1   4   5   4   5   9   1  10   3   4   6   1
    4  49   7   4   3  62   3   5   0  10   4   0   0   4   0   0  27   4
    0   0  19   5   1   1   4   1   7 110  24   0   0   0   2  26   0  33
    3   1   4   2  29  80   0  53   1  12   0  12   0   7   9   2   0   3
    3  42
  23  10  10   9   0   0   1  19  33   9   1   1   1   4   4   7   6   6
    7   5   1   9   6   1  64   4  28   8   5   3  13  18  22   6   4   1
    3  33   0   6   3   2  44   6  12   9  85   4   4  19   4  19  62   9
   18   8   5   6   9  10   8  13   2  10   7  19  12   8  20  14  10  23
    1   7   1   1   5   0   7   5   5  56  49   4  13   5  45   2   4   4
   38   7   8  12   6  39   6   8   2   9  53   9   4  12   9   6  65  19
    0   0   0  31   6   2   5   5   6   1  71   2   7   7   7  23   6  11
    4  42
   8   2   4   0   0  11  10   9   2   5  15  51  11  17   1   9  62  41
    4  14   7   1  57  47  51   7  70   3  37   9   0   1   5   5   2  48
   43  15  10  21   3  59  32   6   2  32   1   2  26   3   9   7   9   7
   91   7   6  35  18  18   9   4   5  12   5  12   4   3  13   5   6   5
   21   9  33   9   0   7   3   1  30   4   4   4   3   7   8   5   7  21
    6  57  19   1  27  56  32   3  26   4  18   4   3   7   6   4  31  20
    1   0   0   2  10  70   5  12   2   1   3   4   5   5   2   4   8  18
   21  40
   1  53   7   3   4   2   3  10   1   6  13   1   5   4   2   6  19  13
    6   5   5  70   6   4   0   5  44   5   8   2   5   2   1   1   1   2
    6   7  13   1   9  49  10  14   6  12   4  17   3   3   5  44   3  49
  138 117  81  99  72  32  21  63  67  14  43  81  52  17  60  84  31  26
   16  33  12  52   7   3   6   8  19   7  19   9  33   4   1  42   3   0
    4  11   3   6  27   0   2   6   4   6  19   9  17  51  81   9  28   5
    6   0   2   1  28   1   0  10   5   2   2   4   0   7   3  14   2   1
    5  42
  13   5   2  10  15  10   6   6  87   6   6   3   0   0   0   0  10   6
    3  42   5  34  16  11   5  22   0   5   6   3  41   4   1   2  19  24
   12   2  13  13   1   3   5   0  19   6   0  20   4  17   3  23  35  47
  117  89  53 110 149  55  65 161 128  64 103 139  55  42 105 113  34   3
    4  31  34  76  11  12  28   7  42   8  17   3   2   8   4   1   6   0
    0   2   8   8   7  15   1   0   0   2  47   0   5  13  39   7   7  28
    8  10  13   4   7   1   5   9  13  18   3   0  32  21   8   2   2   4
   31  40
   4  10   4   6  22   8   2   7   2   8  10   1   6   0   0   0   2   4
   12  67   9  39  19   4   3   6   7   3  10   7   8  51   9   3   8  14
   22   4   4   7   5   3   4   2   6   1   0  40   6  59  20   8  56 193
  119  97 107 173 168  89  94 152 120  83 159 152  81  99 145  40  56  79
   29  13  26  17   6   7  21   5   6  11   9   4   9   5   7   2  14   5
   12   1  28   2   6   6   3   5   1   7   4   7  14  16   4   9   9  21
   43  10   4   7   9  10  61  71  12  21   0   2   6  13  10   5   0   2
    2  63
  70   4   1   3   6   5   6   5   1   7   1  18  14   8   0   9   8   1
   10   5   6  51   5  18   3   1  19  19   4   9  10   2  17   2  13   5
   27  33  19   6  25   9   4   8   0   2   1   6  12   1  13  96 208 216
  139  88 131 135 183 122 114 173 116 141 151 115 107 150  69  77  52  19
   69  53  24   3  42   1  20  66   2   6   3  36   2  10   0   4  23  75
   30   8   5  25   7   0   7   2   3   9   4   6  49   5   9   0   4   1
   36  18   5   0   3   5   0  71  30   8  22   3   0   1  12  49  43   6
    5  58
   8   4   5   0   2   6   3   5   2  79   5   8   2   7  11   6   7   7
   32   4  10   3  50  21  23   2   3   6   7   7   6   5  29   7  11  16
    5   4   4  18   8   6   7   9   5   8   3  16   4  21 145  97 201 207
  204 167 136 166 175 114 148 140  83 128  80  97 139 115 142  87  38  81
   62  71  42  22  13   8   4  10   6   1  49   5  22   1   0   2   2   0
    4   5   5  18  41   9  12   8  58  12   4   0  14   1  35   6   8  18
   12   1   1   0   8  10   9   7   4   2   0  44  11   2  27  12  59  13
   10  38
  13  92  18   9   9 105   6  14   8   4   2   6   1   3  10  12   8  10
   26   8  14   5   2   3   4  12  44   6  10  11   1  39   2   8   1  31
    3  17   0   7   5  24  30   5   4   1   8  13  24  94 115 143 203 216
  215 221 178 189 215 156 180 148 108 118  66  72 138  52  30  63  53  92
   90  43   9   9   2   5   2  12  10   6  62   3  48  10   0   1   2   5
    6   0  71   1  51   3  12   7   1   0  11   1   1   9   2   1   0   2
    9   6   7   9   2   2   3   6   8   3   8   2   8 129  35   0   0  72
    2  43
   2   4  16  27   2  14  25   9  12   7   7  21  29   5   9   0   8  11
    1   1  33   2  10   2  27   6  24   1  81  42   7   8   0   8   3  17
    3   2 105   1   4   7   2   5   0  25  22  28 119 181 107  87  84  96
  143  87 192 191 103 113 155 212 177 158 181 138 166 136 129 100  80  28
   32  76  37  34  27  12  16   4  35  12   7   2  14   4  25   3   3  27
   40   0   7   5  72  52  18   0   3  11  25   9   4   9   4   8  11   3
    7  35   0   7  20  14  13   2   2  10   0  13   3   4   2   2   6  56
   31  38
   2   7   2   7  16  15  39  14  14  14  18   4  18  14   6   4  16   5
   80  46  22  14   9  44  11   4  11   3   0   5   9  53   4  23  30   2
   11   1 118  16  14  16   2  19  32   8   1 112 198 142 133 137 165 213
  222 165 209 148 186 201 193  96 120 114  39 163 153  46  27  92  87 123
   76  55  26  16  20   5  22   4   5  16   6   3   4   0   8   5   4  58
    4  11   1   2   2   1  33   0   2 120  65   3   3  41   3   2   3  13
   19  19  16   4   5   6  73   6   2  14   3  10   4   7  17  42  10   5
   50  37
   8  53   9  50   6  24   4   5   9   7   2   4   2   1   1   5   2   5
   31  39   3   6   5   3  23   0  16   1   8   4   2   1   4  10   9   3
    4   0   9   8  11   6   8  37   4  46  46  57 120 145 224 204 134 172
  178 109 159 192 121 148 179 101  92 154 129 113 176 127  65  97  85  25
   70  43  46  22  79  10  17  15   5  41   0   6   5   2   5   8  12   4
    4  19   1   1   3   3   1  30  15   1  12  10  24  15   4   1   5  12
   10   3  31   1   5   8   5  24  11  12   2  38  15   8   1   7   2   6
   10  39
   0   0   0  10   3  19  42   7   4   5   0   1   3  14  10  15   1   3
    1   4   3   1  15  10   0  76   4   9   1   8  11   5   2   6  24  29
   23  27   1   8   9   9   9   2  15   5  15  19  86 135 154  79 145 225
  138 103 185 217 219 186 212 126 140 139  55  77 176  80  82  64  86  70
   49  31  20  52  80  26   3   5  10 144   3  93   2  20   1   3   9   7
   38   5   9   2  34   2  53   2  28   7  29   3   8   0   5   6   1   2
    5   7  11  17   1   2  18   3   3  19   4   8   5   2   5   5   9   1
    2  60
   0   0   0  10  28   3  17   7  13   4  11  15   6  22  45  10  25   7
   26   2  15   6   8   1  10   2  12  17   1   2   8  47  39  18  21   3
   53  17  28  20   2   7   7  34  23  30 122 151 200 197 213 192 205 219
  106 163 169 108 127 165 199 208 139 115  97  54  59 172  19  55  58  40
   59  89  34  38  14  20  15   5   2   5  39  32   6  37  15  38  17   4
   29   0   9   2   7  11  10   9   5  51  11   2  39   9  54   2  40   5
    6  15   1   7   8  30   3  19   9  13   3   1   6  37   8  12   2  10
    5  41
   0   0   7   2   2  45   2 123  24   7   2   3   4   1   4   7   1   0
    1  22   8  81  38   2  21  10   2   7   1  31   5  39   9  12   3  11
    0  10   9   3  14  14   9   6 117 139 130 160 153 137 161 170 228 128
  192 220 173 135  83 141 211 129  86  52 129 164 168 146 118  93 134  91
   49  75  48  31  48  27  55  45  15   4   1   2  56   4   4   0  66  41
    8   8  11   6  12   4   4   8  29   6   6   8  11  10   0   2   1   8
    5   8  12  16  16 102   8   2   6   9  26  22  40   1   1   1   0  80
   10  38
   3   7  10   5  15   9   7   7  16  11  12   9   8  12   2   4   5   6
   46   3   0   7  20  55  30   3   0   9   4  10   1   6   3  64   6  14
    7  57   7   6  11   7   6 108 132 165 100 118  86 151 131 104 165 121
  220 227 226 202 175 200  71  80 117 158 146  56  73 120  54  89 139  76
   54  69  17  16  89 232 235 210 191 143  20   5  37  13  26   7   5   6
    5  35  27  15  12  14   8  45   3   3   2   3  37  13   4   1  42   0
    7   2   5   7   7  10  23   3   9  43   7  12   6   4   6   2   8  13
    4  41
   9   8   8  12   4   5   7  18  15   4  20   4  64   9  15  29   0   2
   11   0   1   0  23   3   1   0   0  10   2   1   9   3   5   8  12  12
    2  16   3   9  11   4  41 147 107  17  69  64  64 151 101 103  91 131
   90 186 144  81 172 140 136 126  77  59  61  64  68  50 128  88 134  54
   83  41  26  91 183 193 187 205 202 227 161  14  11   1  23   9  10  22
   10   5   2   2  46  11  30  14   9   3   3   2  31   3   9  38   9   4
    7  21   7  22   7  41   2   2   2   0  11  45   4  46   8  16  13  12
    8  38
   5   2  26   1   7   4   7  11   6   0   8   5  10  18  21  10   9   7
   11   1   0   9  17   7   0   5   9   7   7  10  28   4  43  13   8   5
   10   3   1  11 102   3  35  67  55   6   3  14  23  40  50  28  81 201
  210 105 162 107 125 166 151  67 104 107 155 139 146 112  69  54  50  73
   24  91  74 105 161 143 107 118  85 135 195  11   6  40   5  27   2  12
    7  17   6   8   7   5   1   8   3  12  10   5   2  20   6   9  17  14
   54   3   6   7  10   8   8   9   4  26   9   8   9   3   5  13  11   2
    7  39
   8  16  14   2   0   2   0   0   1   3   8  31   7  12   5   9  16   4
    6   1   3  10  12  13   8   3  24  17   7   8  34   4   5   9   6   3
   22   3   4  15   1  13 169 144  65   8   0  15  23  32  24 162 132 221
  192 195  59 142 169 115 115 103  88 100  96 167 132  75  98 142 102  70
  108 243 214 105  35  12  42  43  22 126  81  85   9   4   6   6   9   7
   10   1   7   4  42   2  38   4   1   3  37  15  24   5   8  57  14  11
   13  19   2  69  21   5   5   0   7  11  10  12   9  11  14  18   0   2
    7  41
   4   9   9   9   0   9   5  11   1   1   4   7   7  14   1  16  61  12
   14   2  10  16  13   5   3  16   3  50  20  10   1   9   3   0  24   4
    1   5   3   2  10   8 103 196 118  39  14  76 216 198 166  73  69 200
  193 205  84  64 194 165 122  81 110  38  77  75 125 141  38 166 136 196
  227 223 221 239 189 116  12  19  48 148  76  37  15  73   9   2  12 122
    2   7   6  12   7   3   3   9   5   4  28   4   6   3  13  15   8   6
    5   2   4   5   4   6   1  13   2  39   9   2   6  70   8   6   6   2
    7  43
   2   8   2   0  13   3  74   2   1   4   7   6   0  45   5  13  13   8
    4   3   5   6   1   7   2  71  11   5   6  73  38   5   1  31  10   5
    8   8   2  27   8   4  62 122 117  55   5 175 223 198 202 135 220 132
  108 210 164 160 189 170 128  66  97  86  92 149  84 163 154 177 140  91
  165  84 133 234 221 231 132  17 122  82 133  27  10  57  10   3   4   4
    5   1  45   2  13  18  18  20   6   5  13  11  16  30  31  42   8   9
    2   3   2   1   3   5  18  28   1   5   7  22  20   8  31   3   6   5
   10  41
   7   5   5   7   3  23   7   8   1  39   2 100  14  21   3   7  13  34
    2  14   1  11   8   1  51   5   1  55   1   5   2  22   4   5   2  16
    7  10   2  29   5  53  55  95 121  69  57  69 215 185 110 223 142 211
  131  82 122 161 154 231 198  59 102  76 169 141 203 173 137  54 101 121
  134 175 114 232 229 234  33  40  59  30  25  16  41  66   1   3   4   5
   27   2   6   3   3   2  69   4   1   6  11   6  65   6   7   3  38   3
   17   4  85   1   1   8   8   4   2  13  10  11   8   3  10   9  10   1
   53  40
   5   5  16  14  16   4   0   1   7   1   1   5   5  10   5   2  33  23
   15   3  15   8   6  14   6  10  13  16  31   5  20   7  52   3  26   3
    8  22   7  34   0   7   3  55 117 178 157 119 191 180 158 197 147 198
  195 150  99 194 169 107 209 181 101 108 201 184 183 183  92 142 134  73
  165 175 156 141 168  57  88 116  97  55  35  63  22   2   7   5  41   7
    9   4   5   2   5  16   5   2   4   2  28  55  15   9   7  21   2   5
   11   4   4   0   7   0   0  62   6  13  17   3   3  14   3  12  17   5
    1  40
  60   6  11   9   1   4   1   5  22   1   0   1   4   0   1   7   3  10
    6  50   1   2   1  14   2   8   4  10   2   3   8   8   0  58  13   6
    7   6  16  24   1   1   1  24 143 199 189 192 175 207 205 140 125 197
  179 205 120 123 210 223 179  58  54  76  96 158 186 105  57 145 162 109
  125 101  78 151  71  70 100 142  78  35  36   6  30  10   4   1  56   6
    2  65   7   1   5   5   5   7  36 111   1   1   3   2   3   2   8   1
    1   3   4  19   1   0   8   7   2   4  10   3   6   2   9  68  12   3
    6  38
   7  12  20  11  25   4   1   0  16   6   8   0   3  34   1   9  12  54
    6   6   0   7  10   4   1   6  10   5   8  57   2   5  11   7  25   3
    0  19  14   4  69  58   3  17  62 204 148 206 189 201  68 132 186 155
  125 101  67  96 163 106 179 176 130  98 181 120 134 182 118  81 118 105
   73  83  80  40 147 128 124 109  67  33   5  12   6   3  13  72  32   5
   11   2  13   2   3   2  18  22   4   6  23  34   1   9   8   1  24   7
    5   6  22   1   5   0  24   1   5   3   9   6  10   8   8   4   3   1
    8  43
  90   5   9   6   7   5   4  92  13   9   0   0   4   2  40   3  14  17
   17   5   7   0   0  10   1   5  58   5   3  14   8   3   7   4  27   7
   32   9  12   2  11   4   8  55 245 203 194 209 235 235 200 192 161 159
  200 184 183 199 174 203 228 137 190  81 174 176 159 126 187 167 158 125
  116 109 103  77  83  60 121  63  86  40  25  24   7   4   0   1   2   5
   46   5   8   6   0   3  38 109   4  12   9  15   2   3  17   3  64   2
    5   2   1   2   4   0   8   3   1   2  76   1   6   7   8   2   3   6
    6  43
  15  12   1  18   3  12  20   0   1   5  15   4  12  25  46  60   3   0
    0  11  13   7   4   5  59   1  10  15  17   5   0   5   1  15   3  10
    3  30   0   5   7   3   5  12  54 174 197 202 198 219 192 192 204 183
  188 143 166 185 203 171 113 191 113 164 102 160 178 165 141 100 104 102
   93  80 103 100  58  99 100  90  87  21  35  22   2   6  12   4   5   1
   25  28   0   3   7   7  49   7   2   7  23  13  10  14   2  41   6   7
    7   8   6   8   6   5   4  15   8   9  30   7  21  11   8  13   4   4
    5  38
   5   9  41  15  11  15  20   0   3   8   5   1   7  34  33   0   1   0
    0  10  37   5  27  26   5   1  10   3   2  26  32   5   9   7   1  47
    4   7   1   5   7  11   3  14 105 185 139 189 226 229 211 204 193 212
  192  88  90 187 163 210 189 124  76 117 176 187 189 176 126  14  84 140
  153 107 105 118 130  36 144  78  80  16  39  22   9  34   7  14  45   7
    5   3   1   1   5   7  56   5  23  35  14   7  10  15   4   5  13   3
    5   4  34   2  27   5   9  27   1   1   3  20  64   0   0   0   3   2
  103  37
   5   5  34  14   4   6   2   5   5  11  29   5   1  22   8  31   0   4
    0   7   1   3  11   5   6   4   9   0  34   6  13   7  11   8 117  11
    2  43  53   6   3  13   0  11  84 211 218 193 176 230 225 223 221 203
  211 111 115 179 152 167 129 107  55  54  83 110 182 129 113  21  93 135
  155 149 106 108 108 109  85  71  96  81  43  19  16   5  49   4  17   3
    4   6  10  24   3  37   9   2   2  61  10   3   9   2   4  32  28   2
    0  13   4  52   3   7   4   1  10   8  11   3  15   1   0   0   1  17
   89  42
  14   0  13   0   2  81   2  68   5   4  11  37   2   7   3   3  17  63
   14  29   2   8   6   8   7  12  15  18   2   4   9   4   2  16   6   6
    4   9   5  18 102  32   3   4 109 204 173 167 208 211 227 206 219 175
  147  61 161 142 218 172 111 122  55  66 120 130 109 148  96  60  60 101
   96 132 141 132  68  99  72  81  60  45  51 130   4   0  60  44  16  74
    6   3  18   2   2  33   1   0   3   2  13  82  27   6  22  21  20  15
   15   1   1   1   3   9   5   8   7   7   0   5   0  47  18   7   0  44
    0  43
   4  77   4   9   8   4  19   3  38   5   1   6   7   0   0   4   1   2
   16   5   3  10  53   5   2  42   3  54  71  13  45   4   5  25   8  12
    2  14  15  54   3   3   3  31 161 171 172 202 214 217 241 229 213 175
  142  91 173 142 131 110 118  66  88  54  65 112 130 145 135  55  46  97
  133 158 157 117  92 111  82  84  42  29   3  66  33   4  15   8  15   4
   26   5   6  13  25   0   0   0   0  10   1  10   2  48   7   6  15   7
    5   8   9   8  18  15   4  14  12  46   0   0   0   5  11   1   1  23
   29  43
   6  10   7   4   6  12  11   3  12   6  40   7   2   5  38  10  17   5
    1  16  14   6  30  10   2  12  24  30   3   3   7   8   0  18  95   4
   12  79  22   9  43   3  10  32 136 155 186 214 210 243 156  62  58  79
   33  77 104 111  85  84 120  97  33  42 140 125  60  61  77  47  23  25
   28  34  64  63  74  78  95  90  77  34   8  25  34  12  10   3   2  93
    4  21  33   3  21   1   0   0   0   5  66  31   9   1   9  13   7  10
    8   6   3  20   1  12   6   0   7  47   4   7   0   1  14   8   0  10
    2  40
   4  21  19  14   4   3   9   6   1   7  31  36   2   4   7  77   2   3
    4   6  10   9   2   2   8   0  20   8   5   5   1   2   4   3   6   3
   50   8   5  13   2  14   6  13 237 210 200 204 178  55  24  17  26  23
    3  21  19  49  46  88  66  69 109  50  82  86  41  57  15  28  16  17
    9  14  38  22  12  43  66  62  51  39  13  62  26   3  27   6   5  11
   30   9  12   9   2  21  14  26   6   3   0   4   0  10  31   0   3   2
    7   1   7  44   8   4   2   3  32  12  82   7  43   6   5   4  33   9
    5  41
   2  96  17   8   2   8  16  36   6   0   8  49   1   7  14   8   1   6
    9   6  57  46  10  19  19   3  22  60   0  13   4   2   1   9   8   3
   16  16   4  11   0   8   5 191 193 182 223 209  55 179 157  18  29  48
   57  25  15  73  68 105  96  85  52  78  67  57  32  22  23  28  27  22
   72  18  23  36  30  20  45  53  33  26  65  46  21  14   6   8   5   1
   20  10  20   1   8   9   5   1  34   4   3   0   4   4   8   0   2   0
    5  26   2   3   7  16   0   4   4  10   9   1   7   2   8   5   5   3
    1  43
   4   5  27  12   1  10  35  10  37   1   9   3   5   5  59  11  48   5
   62   9  11   7   8   7  12   5  13  73   3   6   0   4   1  23   9  22
   11  27   2   5  19  10  52 241 110 153 187 124 131 213 172  77  11  23
   24  60  23  58  85 101 140 137  78  78 106  82  36  30  13  30   9  17
   16  16  48  48  55  15  26  73  28  29  22  13   7   7   5   8   2  18
   15  49   3  17   7   7   4   2   1   0   0   2   5   7  16   5   1   1
   63   3   8   6   1   7  15   7   5   8   3  32   8   2   1   1   4   6
    3  39
   1  61   9  46   9   8  10 107   4   4  35  33  41   2  45   2  21   4
    7  12  16   5  21  11  27   5  40   1   1  16  52  13  15  25   2   9
    7   5  16   8   5   3 179  97 236 161  28  36 136 206 186  96  83  41
   37  68  27  92 110 138 185  77  78  93  93  90  62  57  22  15  16   6
   37  53  71  84  80  63  53  20  80  40  56  14  47   9   8  10   3  52
    6   3  36   7   0  42   6   1   9   7   3  15   5   3  49   7   4  30
   45   6   5   6  42   9   8  59   8   7   4  40   8   6  11   2   4   0
    0  43
  11  17  12   2  18   7   5   3   4  13   3   6   4  11   1  10   3   4
    2   8  12   3  67  18   5   8  85  11  18   6   6   8   3   9   0  33
   15   8   3  22   0   7  79  65 230 219  84  24 207 137 143 121  70 116
  157 201 104 104 121 173 160 154  90 154  93  94  61  27  20  23  64  79
   68  49  60  43  33  76  30  34 116  39  31  28   8   6  27  10  33   8
   12  19   4   3   7   2   9  15  18   1  10 106  21   8  13  10  11  44
    3   6   3  25  10  14  13   2  12   4   4  24  11  10  10  10  13  13
    0  43
  12  11   9   1   2   0   5   7   5   1  16   8   2   3  65   0   8  36
    4   8   1   1   1   0   6   7  41   5   2   0   4  63   4   4  65   8
    1   5   1   1  59  19  55 105 141 179 166  36 144 233 178 168 179 177
  196 212 129  47 166 183 161 194 144 127 115  88  64  40   8  56 109 133
  117 125 108  77 105  12  35  42  32  34  16  20  13  12  27  76  34   2
   32   0   3   1  56   3   8  64   0  29   6   2   5   2  12  12   1   2
    4   5   2  10   6   6   8   8  52   6   4   1  44  11  15   6   0   4
    0  56
  32   3   4  14  14  30  28   4   1   8   2   8   5   6   5   9  12   7
    1   0   2   7   1  46   2   4  13   4   7   5   7   3  41  11   6   2
    2   2  12  89   6  10 148 223 118 170 139 159 203 169 189 199 210 189
  198 178  56  52 197 186 186 186 149 163 129 113  72  72  11  87 105  96
  106  88  81  42  63  18  51  36  32  34  49  42  22  14  33   7   7  60
   13  14  10  14   6  10  38   3   6   5   6   6   9   9   5  19   3   7
    4   2   6   1   4  13  19  16   7   7   3   4   4  17   3   0   3   5
   14  41
   3   7   8  35   4   1  15   4  12  10   7   7   2  28   3   2   1   8
   29   5  20  18  12  34  26   3   9   5   0  16   3   4   9  25  13   0
    0   4   9   8   3  50 226 208 227 184  57 211 150 137 190 172 185 172
  167 181  75  82 142 178 193 178 176 166 169 113  89  44  30  40  83  93
  125  56  66  43  40  34  23  28  57  17  44  51  35  20   8  10  14   3
    3   3  15   5  15   9   3  17  22   3   3   8   3   9   0   6  14   6
    5  12   9   7   1   1   1   4  17  35  10   1  10   5   6   3   3   0
   23  37
   8  19   0   5   3  27   1  13  30   2  44   4   6   8   2   1  58  32
    9   7  22  58   4   3  17   5   6   5   0   5   3  12   5  51   7   3
   35   3   4   1   2   8 206 167 210 174  16 189  96 166 183 199 140 205
  196 223  11 187 120 174 171 174 134 182 138 112  57  40  51  15  98  95
  104  42  65  26  72  29   7  21  15  76  30  27  47  15   5   6   4   3
   10  35  23   2   7  43   7   2  21   1   8   5  15   9   1   2   5   6
   76   6   1  19  46   0   5   9   3   6   6  51   7  86  10   8   4   9
    1  43
   3   5   7   6  25  13  17   3  83   7  16   3   6   0   1   9  18   1
    8   1   1   9   1  14  18   0   4   8   0   5   1  20   5   7   2   5
   10  36   3   1 192   1  91 162 239 156  12 200 206 135 182 190 220 200
  171 127  55 183 155 146 133 199 202 143 181 138  56  52  73  16  51  59
   72  55  85  71   8  10  22  49  12  15  11  13  27   6  84   0  59   6
    4   5   4  13   4   7  28   1   9   8   8   3   2  13  32   3   8   2
    0   7   0   6  13  26  73   0   0  20   2  69   5   1   4  18   1   2
    4  43
   5   8   2  10   9  26   0   6   8  18   1   4   2   3   4   6  10   5
   25   5   2  11   7   5  75  54   8   6   2   9  24   8   4   9  15   9
    6  30   1   2   4   5 104 182 179 205  94 192 227 147 185 171 204 192
  185  69 148 171 157 140 123 178 161 167 192 128 105  72  59 133  39  55
   62  52  43  35  72  26  37 120  49  48  24   7  43  22  39  35   5   5
    2   5   1  48   5  12  27   4   3  18  15   3   7   4  33   8   7   4
    8   0   2  22   6   9   0   0   0   0  54   4   4   3   8  10   2   4
   27  39
   7  27   3  13   6   8   0  10  31   1   4   1   1   0   7   5  17  36
    2   3   9   8   3   4  12   4   2   6   9   1   1   1   4   2   4   6
   16   7   2   1   4   0 156 147  98 125 205 194 212 197 161 173 191 134
  147  76 216 141 145 112 162 147 176 145  99 173  52  38  52  81  74  21
   41  41  33  57  73  66  41  46  52  45  24  28 122   7  61   6  30   1
   20   1   4   3   0  15  17   3   4   6   5 142   0   0   5   3   6   9
    2   1   5 116   5  21   5 105   2   6   1   2   0  68  12   0   6  23
    6  43
   5   2   6   6  16   2   5  15   6   5   6   9   4   6  13   1  17   3
    8   4  36  11  27  10   5   0   1   7   5   0   1   0   4  52   3  16
   21  16   6   3  32   0 100  94 170  60 214 127 172 108 183 211 199 194
   60 137 187 141 106  90 172 178 112 149 129  90  61  28  43  66  82  11
   46  59  66  25  24  36  50  62  72  78  18  53  29  63  28   2   3   5
    6   3   3   5  19  13   6  10   8   5  45  12   8   7   3   5   4  87
   12  19   8   9  15  22   5  14   3  14  20   9   5   4   1  30   3   4
   14  40
  24  58  17   1   6  13  30   1   3  32   1   0   3  81   1  36   1   6
    2   2  21  15   1 127   0  52  26   2  13   3  14   0   5  18   7  10
    2   8   8  27   3  23 112 170 180 109 208  92 230  39 171 203 220 190
   19 127 137 175   5  78 168  64  51  72  35  26  13  42  67  35  48   8
   49  97  50  28  59  13  19  58  57  46  38 127  57 111  10  12   6   0
    9   0  11   8  44   0   0 143  15   4   4   4   5   0   0  14   3   2
    2  20   5   2  40  14   6  10   3  15   4   6   2   0  10  11   5  61
    1  42
   0   0   4  11  64  27  19   3   7   0   1   5   9   8   1   1  35   3
    0  11  11  42  26   0   2   8   8   6  11   3   7  17   1  19  51  10
    5  12  27  18   2  31 186 194 193 105 180 156 217  72  67 206 228 208
   52 177 157 184  75  20  10  17  26  26  22  13  15  26 103  82  55  15
   60  44  12  78  12   6  14  82  42  11  36  15  23  20  10  38   0   0
    1   1  38   6   4   1  14   3   4  15  48   0  10   5  21   1   5   9
    4   6  29   1  70  14   4  13  11   4   3   5  31  11   4  14   5   1
    0  39
   0   0   0   0   3   2   0   2   1   0   0   0   0   0  79   4 132   8
   32   3   8   4  20  14   1  62  12  22  24  16   0   5  34   9   1   3
    0   3  12   9   7   2  50  54 127 230 191 231 188 234 189 184 186 233
  139 218 219 180 198  64  19  23  20  15  73   6  21  91  75 102  78  19
   95  19  55  26  45  15  48  66  91  16  13  18  40  22   1  11   2   0
    7   7   7  23   0   9  63  24  32   0   6   7   9  30   1  34   1   0
    7  39  15  21   5  14  63  14   5   0   7  10   5   2   0  13   0   0
    0  40
   0   3   0   0   2   6   6   3  16   2   0   0   1  35  17   2   2   7
   10  10   1   5  45   2   3  16   6  18   7   3   1   8  28   1  25   4
    3  19  90  11  12   6  22 137 180 218  82 186  41 216 174 207 157 157
  120 186 166 140 168 212 142  25  30  30  26  49  93 101  76  97  36  25
  104  27  28  44  28  44  64  60  53  37  35  21  49  21   3   5   1   3
    2   3   5   3   2   3   0   3  12   7  17   8   3  17   4  23   6  65
    9  20  12  10  22   3  28  11   7   5   1  31   4   5  31   0   0   0
    4  39
  10  13   9   1  10  29  28   1  13   0   6   2  20   1  10   1  93   4
   10  17   1   1  22   2  12  13   0   3 125  29   9  17  11  17   6  37
    4   5   3  43  38   0  32 220 230 170  88 161  16 182  14 185 207  86
   94 142 195 148 107  67 214 127  20  20 142  61  44  47  31  45  32  30
   34  12  36  52  52  66  77  27  87  19  21  34  78  17  14   9  77   0
    1   2   6   1   1   0  23   4   5   6   4   1  13   6   8  15  26   0
    7   9  17   2   4  46   0  72  12  11   4  14  83   7  68   2  13   1
   17  50
   0   4  13   6  13   9   7   5   5   5  11  10  31   8  67   5  15  10
   55   8  28   5   3  11   4   6  41   4  18   4  15   5   3   4   7   3
    6   5  39  15   6  14  13 224 199 166 188 206 180 186 189 127 133 162
  138 144 146 140 121 171 174 131  85 100 101  96  74  55  41  17  86  47
   42  21  13  24  43  53  56  79  61  56  27  46  36   6   5   8  20   0
    5  18   0   2  21  96   6  12   4  11   3   1   7   9  29   2   8   1
   26   8   4   7  10   9   9   1   3  17  34   1   3  18   1  10   8  10
    8  43
   0   4   7   5   0   1   3   0   0  14  20  63  40  10  53   0   9  12
   13   4  27  52   0  55   0  18   0   8   0   4 100   4  11  78   2   6
  107   3   0   3   6   6   2 211  52 236 141 210  77 127 187 188 143 123
  173 195 187 161 149 199 143  97  11   3  68 109 117  83  53  62  50  18
   63   4  13  47  45  36   9  28  40   5  23  25  23   6  62   1   3   5
    0   0   3   0   1   5   5   0  92   7   3   9   5   1   5  28  12   0
    4   9  33   3   2   5   2   0   3   4   9   6   2   4  39  16  94   2
   41  37
  53  20   8   8  18  11   2   8  10   4   9  40   9   3  59   7   8  58
   17   8  55   2  53  46  46  13  36  19   3  58   7   3  77  10   9  11
   27   8   1   6  28   5  11 174 185 117 184 208  84  33 168 188  68  41
   39 181 173 162 136  84  13  39  24  24  10  19  71  35  60  72  26  48
   57  52  50 102  73  43  22  18  26  10  20  26  29  77   4   6  12   1
    6   0   5   8  12   7  25  14   4   8  26   4   1   6   0   0   0   1
   12   2   3  37  59   6   7  27   7   6   6   2   4   4   8  12   2  24
    6  40
  19   4   1   1  59  97   1   7  25   9   1   5   7   9   3   7   1  40
   11  36  11   4   2   6   8   1  25   3   7   4  21  94   0  87 107   3
   10   7   3   5  56  19   1 120 176 156 223 205 163  10  86 177 170  21
   12  75 171 193  76   2  34  13   5  11   7   5  17  33  72  68  42  41
   29  60  44  40  82  54  28  24  40  13  85  21  22  20   5   0   0   0
   16   0  10  29   6   7  27   4  11   8   4   5  14  16   7   0   0   0
    2  16   2   8  24   1  31   0  10  29   2   2   4  13   5   9  30  16
   15  37
   4   3   8   4   2   8   5   4   3  75   4   3   4   4  62   3   4   6
    4   6   8   6  20   0   1  17   2   4   8  19  21   2   8   7   0   5
    5   0   1  14   1   1  14  15  67 215  95 189 130 113  90 176 136 108
   28  66  97 158 217 176 137 106  56  57  60  46  55  87  69  61  26  42
   40  65  43  25  38  50  47  39  44  42  30  31  12   9   2  10   2   5
    8   3  35  14   7  11   8   6   4  10  12  13  62   6   0   5   8   4
   69   0  16  61   1  17   6   5   6   5  14   6   3  25  34   1   4   1
    5  40
  44   2   2   8   7   9  25  70   8  10  30  37  13   3   1  10  32   6
    4   3  12   7   9  24  35  10   8  17  10  17   7  17  16   2   4   1
    0  20   0   6   0   7   9   3  17 197   0 111 230 173 179 148 139  56
   89 108 141  89 181 233 194 173 123 107 100 100 101  82  52  19  30  29
   57  58  41   1   6  43  37  54  62  50  23  10  18   5  41   5  35  15
    7   5   8   1  38   6   9  66   2   0   6   6   9  15  27   0  49   3
    8  26   0   1   7  22   3   3   1   0   1   2  56  10   4  12  83   7
    5  40
   5   8   5   5  14  38  20   7  21   9  15   1   5   5   8   5   2   4
    6   7  30   6   6   4  15   8   1   6   9   3  92   8  15   3   1   8
    2  82   0   1   6   3  96   8  21 208  52 154 223 169 156 143  62   9
    8  57  88  66  56 140 184 150 128 128 114 111 102 118  65  66   6  24
   57  52  37  22  12  43  83  44  74  50  25  26  21   6   5   4   1  78
    2   9   3   3   8   1  29   2   2   3   4   2   2  11  20  10  31   5
    6  13   6   6   6  10   3   6   7   5   3   1   3  11   5  71   7  15
    4  40
   6  10  39   7   1   3  26   1  75   7   8  36   6   0   1   1   2   4
    5  29   6   8   6   8   3   0  29   7   3   1   0   7   6  18   7   0
   17   7   3  12   9   6   2   0  40 196 225 184 186 155  70  32  79 121
   47  49  84  91  22  60  59  65 104  76  44  64  49  10  50  52  61   6
   20  39  63  64  44  72  64  57   8  28  58  32  11  13   4  58   0   1
   28   0  25  39  14   0  14  54   9  43  11   0  13   6  18   7   8   0
    1   2  13   7  25   6   6   6  23   3   1   5   4   5   8  26   1   4
   52  37
   8  20  13  19  22   5   8   4   4   5   2  72   7   9   8   9  59  12
    3   5  17  15   5  11   5   9   2   2  24   7   1   4  18  34   6   5
    0   3   3   0   9   3   4   6  89 217 191 219 179 185  39  13  33 116
   56  12  30  78  72  60  60  40  55  64  32  86  51  23  48  17  12   6
   17  45  78  97  50  93  42  13  27  22  42  21  13   6   3  17   5   4
   30   8  25   8  47   1   4   2  22   1  14   2  12   4   3   7   4   0
    9  11  14   7  57  13   7   1  55  15  10  15   4   6  73  15   7  40
    0  43
  12   4   5  13   9  18   2   0   1   9   7  18   7  10  16  47   5   5
   30   2   1   8   1  19   1  46   9   2   9   6   0   4   1   3  13   0
    2  11   1   3   0  44  13   7  81 197  31 207 135 151 108  15  34  86
  105  36  76 107 101  79  17  26  49  26  57  53  87  61  95  23  27  21
   39  60  68  43  32  28  68  55  11  25  51  13  14  62   6   6  45  15
   38   5  32  11   3  13  42  13  21   9   6   8  19  18  61   0   0   9
    4  80   2  20  37   4   6   1   2  32  60   4   8   4   6   8  11   6
    2  46
  17   5   4   0   1   8  10  16   7   5  48  30   1   3   3   6   2   3
   34  10  24   0   5  24  13   2   4  16  96   3   5   5  15  23   9   8
   29   0   3   8  29   9   4   9 106 166   6 105 164 109 155 108  60  98
   80  67  72 115 103  73  18  48  12  52  18  84  62  71  50  40  47  49
   64  61  57  63  19   7  54  49  77  46   6   3   9   0   7   3   0  27
   42   6   4   5   6   0  61   2   2   1  20   0  11  57   1   2   6   4
    0  21   7   0  30   1  14  62  27  14  81   4   3  29   8   1  15   9
   11  45
   1   3   2   2   3   7   8   3   3   5   1  14   0  33   2  15   0   5
   14  16  16   8  41   7  10   3   3   2   0  24  11   8   1  15  48   1
    0  13  11  18   0   7  10   6  62 191  75 125 199  28  44 139  89 109
   64  28 131 104  83 123  97  46  20 104  51  25  56  64  74  43  66  79
   77  70  71  63  21  11  79  33  44  31  21  23  15   4   7   1  77   5
    1   8   0  46   5   9  10  19   5  14  31  20   1   4  35   1   1  27
    8  11   5  13   2  12   3   0  13   0  21  11   7   0   1   0   3   1
    6  43
  35   4  20   4  25   8   8   4  49   6   8   4   4  47   9   2   4   7
   14   5   7  12  12  43   0  45   0   0   4   7  18   5   4  19   4   2
   11  26   3  28   3   3   4   4  13 204 178 206 172 106  80 164 100  53
   90 104  63 141 118  91  78  72  52  72 115  39  47  27  47  93  67  52
   82  41  60  75  68  45  57  21  40  15  55  19  18  11   4   1  52   0
    3   0   8  98   4   8   8   7  23   2  11   8   6   1  59   5   2  14
   11  16   4   3   2  29  15  25 120   5   5   1  11   1   1   4  29   3
   27  41
   6   5   4   3   2   2  18  23   2   4   8   5  56   9   9   4  15   8
    2   9   9   0   8   9  19   3  43  24   6   7   9  11   9   4  98   5
    0   0   4  16  15  25   6   6  16  45 173 165  26  70 185 163 137  20
   18  91  98 135  89  87  74  54 112  71  30  59  64  57   9  11  50  42
   37 120  73  73  41  43 107  28  11  30  56  28   4   9   2   3  22  15
   44  10  12   0  22   1  28   5  20   2   5   9   5   4  14  97   9   6
    5   5   5   6   1   1   4   7   1  20   5   7   1  21   0   6  50   2
    1  42
   5  14  21   3  10  23  24  12  18  12  11  11  12  11  17  23  47   9
    6   9  54  13   9   4  11  38   1  20   1  17  12  30   2  16  26   1
    8   0   8  23  28  17  22  12   2   5 139 192   6  20 159 177 208 111
   60  88 161 152  61  25  15  23  68 128  85  56  94  59  28  15  93  11
   11  40  68  49  31  19  33  53  46  47  11  32  23   7  11   2   5  25
    7  10  15  42   2   3  12   2  21   6   2   2   6  10  19   8   8   8
   59  18   5  13  14  57   6   9   4   2   4  17   7  28   7   5  10   5
    2  38
  16   7  15   3  16   5  32   1   7  15  82   5   5   5   1  52   6   7
   20   4   5   6  26   4  22   3   5  35   6   2  26  27   0   4   4  12
    5   8  31   4  12   4  12   7 113   9  73 188  35  24 136 181 109 204
  196 158 193 163 158 101  50  14  40  40 132  60  57  22  48  68  88  20
   87   3  79  50  11   8  38  46  55  34  14  22  31   1   3  78   3   5
   11  31  77   3   2   3  43   3  14   4  38   1   2   2  50   8  14  17
    6   3  14  47   7   3   6  23   1  12  14  15  13   3   2  40   4   1
   11  37
   8   9  15   3   4  10  21   5   2  14   8  21   5   5  60   0   6  10
   11  38   3   6   8   1  14  10   4  39   3   7  16   3  18   7   4   4
    8  18   2   5  12   6   3  28   0  49 124 193 183  88 162 205 203 201
  210 184 220 176 123  95  86 107  80  78  24   9  30  70  17  56  97  37
   16  18  70  71  14  26  47  44  53  31  23  46  11  27   4  37   7   0
   12   0   8   2   4   6  20   3   5  22   3   6  21  10   8  15  54  27
   25   4   8   8  12  13   2   8  37   9   7   6   3   2   3   4  31   3
    4  41
   4   2  24   5   6  10   1   4   4   1  12   0  11   8  27  13   1   8
   76   2  10  13   1  45   4   7   3  11   7  12   5  34   4   1  11   5
   15   7  21  33   3  37   5   1   8   5 118  52 116 206 200 197 168 197
  190 226 213 178 108  32  79  28  88 108 103  54  75  47   6  57  60  91
   33  68  98  81  62  59  73  57  43 153  24  19   2   5  62  10   1   4
   18  62  47   5   5  10   5   7  32   3  17   1   4  20  14   2   3   3
    9  11   5 119   5   8   5   9  14   5  49   2   0   6 101   6   7  11
    7  37
   1  30   4  22  18   2   2   0   5   4  11  12   2  10  12  20   1   3
   30   7   7   7   8   0   6  17  15   2   2  32   5  14   4  76   2  16
   74  10  10   1  29   9  11   6   7   2  90 131 133 206 185 222 112  40
   68  88 166 177 148 123 118  80  57  92  72  95  90 105  19  44  57  61
   84 103  59  59  64  61  32   4  21  43  49  31  14   8  16   7   0   1
    8  12  14   3   3   7   2   3   3   0   5  10   7   2  20   8   3   4
   19   7   3   7   0   2   2  12  20  23   5   5   7   5   4   6  46  12
   12  40
   5   4  16   9  13   6  15  17   8   1   7   3   7  17   9   9   2  18
    4   4   9   7  15  12   2   7   3   9   7   8  37   8   0  11   0   5
   89   2   6   0   3  62   8  19   0   5 155 187 129 212 122 213 115  98
  183 186 201 174 146 148 123 121  60  30 107  24  95  37  45  31  23  44
   82  58  64  34  58  59  89   8  90 142  28   9   9   6   5   8   7  11
    0   5   5   8   5  12   3   2  10   6   0   0   8 112  12  15   7   5
    3  21  31   8   5  15   8   2   5   8   6   0  12  24   9  30   7   8
    2  42
   5   2   3   4   6  19  73  72   3  13   6   6   9  12  22   5   6   3
    3  56   2  38  22  44  19  47   8  16  12   6   6  17  20  18   2   5
   12   7   9   1   8  56   2  35  45   6 113 102 220 210 167 220 241 228
  206 191 201 181 154 119 157 109  73  97  66  21  92  32  40  55  15  25
   62  62  56  49  75  59  57  36  56  16  18  76   7  15   7  38  18  37
    7   4  30   6  21   7  20  19   6   2   0   0   8   6   3  12  13   8
   13   1   6  19  10   6   3   3   4  39   8   8   5  19   6  24   6  19
    7  42
   3  43   4  99   2   8  28   2   3   9  16  96   2  31   3   7   3   4
    6  26  28   9   4   7   4  50  52   6  28   6   2   6   9  33   6   2
    3   4   0   1   2   2   7   2   5  10  18  87 203 114 182 209 222  60
  168 189 200 141 126 138  95  94 126 124 113 124  17  15  19  41  35  51
   55  16  10  23  58  82  60  67  34  80  36   1  24   8  21   5  17   6
    2   4   0  12   7   0   7   3  30  55   0   0  12   8  88   3   6   4
   11   9  22   5   5  10   1   5   7  10   0   6  14  11  63  12   8   2
    0  44
  14  19   4  82   2   4  13  12  25   7   0   5  18   3   5   4  17   6
   10   2   5  39   2   1  15   7  36   3   4   0   2  18   4   6  16   5
    0   6   3   5  11  13  26   5  25  28   3 172 184  18  64 237  55  55
  164 189 201 134  57  94 108  81 168 104 123 122  88  44  53 128  56  63
   72  45   8  49  51  73  21  44  31  87   7   8   7   1   6   4  10   4
    2  14   3  32  23  89  18   0  10  13  22  90  18   2   6   6   5   0
    7   2   9   4   6  13  69   1  21  12  11  16   8  17   2  13   1  54
    4  43
   0  14  25  20   9   3   1   9   6   2   9  13   4  47   7   5  15  13
   15  45  16   5   7  18   2   3   4  19   2   0   3   1   5   2   7   2
    0   5  12   9  87   9   1   8   3  11   2 121 233  18  31 149 172 228
  166 210 128  14  25   9  49  71  98  92 130  89 100  83 134  84  56  61
   67  92  36  19  80 101  86  47  67 104  15   3  17  18   7   6  40   4
    5   0  13   0  23   8   4   3   3  14  13   6   6  48  22  11   5   8
    8   8   2   0  44  10   9  27  11   7  20   7   4  11  16  32   7  12
    9  40
   5   5  43   9   1  89   5  10  47   9   9   5   4  16   3   5   4 154
    7   8   5  18  10   0   0   1   4   5   1   0   7   5   5   5  15  18
   10   6   6   8   0   8  10   9   5  17   8  64  96 130  10 125 207 190
  183 181 155  52  29  22  14  14 109  71  93 105 105  78  73  58  50  35
   57  66  58  59  71  65  56  48  42  24  16   6  12  42   0   5   4   8
   33   2  47  21   9   0   8   0   2   7   7   1  10  25   4  12   8   7
    5   3   4   0   0  14   6  13   4   4  18   1   2  84   5  22  14  15
    3  43
   0   4  15   3   7   0   1   7   6  75   7  10  24  10  17   5   1   3
    1   5  13   6   0   0   0   6   7   5  51   9   5   1   8  13   9   5
    1   2  44  26   6  19   0   3   0   2  11   4 219 215 166 177 123  46
   77 178 109  96  61  54  11   4  31  81 115 103  76  67  61 107  18  14
   14  19  10  46  76  55  25  41  30  30  12   9   9  87   5   6  32   3
    3  47  13   0   5   2  11  26   6   6  23   6   0   4  19   6   5   9
   11  21  17  11   0   0   0   1  10   8  45   1   5   0   8  25   0   1
    6  38
   1   2   4   5  28   7   6   3   1   3  13   8  11   1  12  67  11   4
    2   6  58  11   7   0   0   0   7   7   5   4   7   2   2   7  99   5
    1   0  14   1  11   3 140   2   9  12  13   0 208 162 203 179  87  20
   12  45  84  79  94 101  70  44  51 103  99  96  70  33  71  39  30  54
  102  44  60  85  80  52  60  34  43   9  17  78  67   3   4   7   6   4
    6   3  53  24  31  11  13   3  32   1   2   3   1   2  28   9  23   9
   59  16   8   0   0   0   0   6  10  11   7  10   8   8  11  18  10   7
    5  38
  25  24  24  24  24  24  24  24  24  58  24  24  37  35  24  24  24  54
   24  24  24  24  24  24  24  25  24  24  24  24  41  24  24  24  24  24
   24  24  27  28  43  24  24  24  25  28  25  24 109  42  73 137  86  77
   73  61  63  43  59  75  84  69  68  72  73  73  78  45  43  41  59  62
   62  48  33  83  56  41  37  42  32  30  24  24  24  24  24  24  50  25
   36  24  26  24  24  24  24  24  28  24  24  24  24  36  24  24  24  25
   24  24  24  24  24  24  24  24  24  24  24  24  24  25  24  24  24  30
   25  42