0.707107
0.705720
0.701575
0.694721
0.685238
0.673235
0.658850
0.642245
0.623606
0.603133
0.581047
0.557576
0.532956
0.507426
0.481226
0.454590
0.427745
0.400908
0.374282
0.348055
0.701575
0.705720
0.707107
0.705720
0.701575
0.694721
0.685238
0.673235
0.658850
0.642245
0.623606
0.603133
0.581047
0.557576
0.532956
0.507426
0.481226
0.454590
0.427745
0.400908
0.685238
0.694721
0.701575
0.705720
0.707107
0.705720
0.701575
0.694721
0.685238
0.673235
0.658850
0.642245
0.623606
0.603133
0.581047
0.557576
0.532956
0.507426
0.481226
0.454590
0.658850
0.673235
0.685238
0.694721
0.701575
0.705720
0.707107
0.705720
0.701575
0.694721
0.685238
0.673235
0.658850
0.642245
0.623606
0.603133
0.581047
0.557576
0.532956
0.507426
0.623606
0.642245
0.658850
0.673235
0.685238
0.694721
0.701575
0.705720
0.707107
0.705720
0.701575
0.694721
0.685238
0.673235
0.658850
0.642245
0.623606
0.603133
0.581047
0.557576
0.581047
0.603133
0.623606
0.642245
0.658850
0.673235
0.685238
0.694721
0.701575
0.705720
0.707107
0.705720
0.701575
0.694721
0.685238
0.673235
0.658850
0.642245
0.623606
0.603133
0.532956
0.557576
0.581047
0.603133
0.623606
0.642245
0.658850
0.673235
0.685238
0.694721
0.701575
0.705720
0.707107
0.705720
0.701575
0.694721
0.685238
0.673235
0.658850
0.642245
0.481226
0.507426
0.532956
0.557576
0.581047
0.603133
0.623606
0.642245
0.658850
0.673235
0.685238
0.694721
0.701575
0.705720
0.707107
0.705720
0.701575
0.694721
0.685238
0.673235
0.427745
0.454590
0.481226
0.507426
0.532956
0.557576
0.581047
0.603133
0.623606
0.642245
0.658850
0.673235
0.685238
0.694721
0.701575
0.705720
0.707107
0.705720
0.701575
0.694721
0.374282
0.400908
0.427745
0.454590
0.481226
0.507426
0.532956
0.557576
0.581047
0.603133
0.623606
0.642245
0.658850
0.673235
0.685238
0.694721
0.701575
0.705720
0.707107
0.705720
