267.104
3134.39
-1344.55
-1176.68
5945.06
1648.69
885.051
-1024.57
1638.06
-14.4784
2847.51
5675.82
-352.816
630.976
4592.61
-3807.34
2849.19
1890.75
2369.99
4018.18
4548.81
-3635.05
574.472
-518.705
962.357
2433.61
3068.04
562.085
-3579.13
-790.005
4139.76
4368.63
325.923
-40.4247
-943.139
990.081
-264.378
3248.92
-562.202
-208.379
1876.88
-2704.26
467.785
-4054.15
7570.95
1673.08
-1584.15
-184.052
4968.9
-3442.09
-430.292
346.133
446.869
-622.716
2140.28
-2262.45
5954.02
-1224
-139.466
2579.03
6413.32
-2317.26
-17.1127
-717.717
87.896
-548.302
-3433.33
4452.13
-1533.98
-1367.34
-519.81
-1114.78
-1644.53
1320.04
-2157.99
1014.17
890.94
3056.77
-3681.16
-197.585
2320.16
1561.46
61.1292
4902.83
-2562.65
-3504.07
5828.98
8679.61
-805.685
2198.68
2024.6
-37.2034
1210.58
-1564.04
-926.866
2498.01
-4354.22
6762.69
988.746
862.671
-926.369
-2645.44
-7220.84
3687.65
3454.81
-1381.79
-4775.83
-4289.61
5348.84
18444.4
2822.73
173.748
-1831.85
1564.58
-1129.46
223.365
5296.49
4177.33
2690.08
1142.93
2332.36
973.148
-1030.28
3658.82
1014.9
5880.89
-2826.43
2494.47
5891.44
-1773.45
1903.38
-2726.81
157.419
1601.5
-9305.13
-1829.28
8448.58
-85.645
881.957
1545.42
22508.2
-125.632
-584.443
-3135.25
-2451.55
1150.45
2210.52
1440.7
4310.23
3564.85
-3299.1
-893.429
3293.9
-1714.27
8867.9
-1309.03
132.312
1014.08
4052.46
6730.01
1930.97
-3304.3
-3161.29
-3169.05
-1138.17
-3147.58
1358.06
1173.84
2233.04
1882.04
3354.55
917.034
1650.77
-973.977
3005.76
-189.574
-557.726
-967.108
-3307.92
1306.74
-3274.04
4380.87
3110.51
2951.14
-1949.81
1905.91
344.349
-3552.54
2692.09
1144.74
689.008
758.129
165.393
4.5331
-1889.18
-210.206
-4191.99
3487.33
-2066.45
-158.47
2722.35
-4053.88
-2934.39
-927.822
-2515.57
2973.63
1507.68
2173.76
-249.916
2926.81
3277.53
1250.24
-2543.57
2730.89
2387.39
-2411.17
-822.387
-506.295
-4075.94
-1006.66
-2159.64
4337.07
2651.21
5189.84
4433.97
2950.01
-2485.36
-703.372
-1870.12
-1782.49
3335.24
-2093.35
1704.31
-260.63
-2309.33
2204.05
-2739.62
-2955.62
18073.6
913.049
2693.03
2954.04
-971.032
-1042.67
-1182.76
5083.78
642.542
1254.19
-4220
1694.02
4862.34
-1468.98
1451.54
989.981
-117.09
-809.644
3641.55
15314.1
2796.11
4512.51
5903.93
-603.902
80.6289
-803.018
-3734.32
-1201.4
1062.01
1885.74
2374.22
1517.83
2746.11
716.798
4852.27
3779.04
1942.35
5585.25
-2256.27
3270.29
-1279.6
-1516.2
-239.021
2339.88
148.069
-1903.75
4024.17
-3318.62
2109.2
-438.628
21526.1
14938.8
1378.57
-2216.85
-5746.99
-582.667
-712.342
-3718.92
-1297.53
2534.91
2117.54
-1840.7
-824.04
2109.97
-6599.46
4678.74
-591.763
1194.12
3442.39
-1581.45
3626.87
1982.36
1514.98
-804.22
-2581.05
-2736.34
1701.87
272.919
-82.8418
-1656.04
5338.24
-1052.84
8344.79
1021.89
-1124.22
-1478.02
4253.04
4380.11
-2833.4
-5145.09
-5437.32
-3252.81
646.907
-5349.41
566.183
-351.017
-2687.88
3441.86
-2960.55
2714.18
1499.86
228.541
3270.13
19.3838
-195.453
-3118.24
-4632.72
3220.73
-2382.92
3629.47
-2890.1
427.204
361.392
5851.92
-846.034
-2589.54
4470.24
665.19
-135.593
4796.37
-4267.9
-4056.74
-746.091
3453.59
4644.59
-2616.11
570.19
-4497.82
148.15
1958.08
3529.56
-3916.47
-3059.2
-573.185
-819.461
14734.9
2501.34
-2096.64
-4999.8
741.647
7018.98
2069.14
2506.88
1400.33
-641.657
768.692
1669.78
3220.95
2335.73
2751.99
2077.64
1758.14
6134.71
2928.24
294.79
2255.1
-1424.24
3712.8
-1092.19
-1196.19
5062.6
2571.97
-1901.76
-228.475
-300.358
1851.78
1596.34
-2703.94
4413.92
7059.99
6358
3537.41
12940.3
2485.52
-372.501
-3662.94
434.781
35.1942
-1533.55
2677.16
4774.88
420.951
4510.66
-1243.47
-499.538
15123.2
163.427
2418.24
930.547
344.333
-3035.31
763.001
-496.072
611.402
-4311.15
301.007
1205.09
3786.78
-1546.06
2496.85
17641.6
-418.949
2503.98
-739.653
-309.176
-860.444
-3202.33
-2221.99
-799.151
454.605
-3400.22
5670.96
4724.54
-2423.97
788.018
1995.35
-1437.28
-834.45
3902.31
-2270.49
-2593.01
559.317
2192.55
1200.48
2814.2
-5676.24
2438.62
993.303
4439.66
-1924.01
-3155.84
-1807.48
-6200.49
-3078.74
463.242
998.371
4032.62
2656.12
1051.4
-4161.56
-1492.59
-2633.49
-3372.63
-3079.1
-665.345
5912.15
738.523
-163.217
-832.711
-837.578
5633.55
-3014.61
937.071
423.073
1283.97
1312.17
974.179
934.07
-876.043
1121.74
-936.885
-2415.49
-6214.87
-2670.09
-1404.33
6725.59
-2385.59
-1377.64
-1184.29
698.951
6228.57
1378.67
-2133.09
-1071.69
-292.908
869.725
1895.06
15941.3
118.838
-2942.24
-829.058
-1248.44
-1430.99
1793.15
1434.59
971.379
-2402.74
19448.9
3703.77
-93.433
-1756.29
-387.734
1513.82
381.521
-5008.79
943.542
460.555
-1480.42
3087.66
2231.91
6758.85
3732.09
1695.58
2495.91
2138.17
1023.28
660.133
-889.171
2136.39
17009.5
4351.42
-4560.88
-1877.09
-856.007
5585.58
592.305
2337.37
-1201.55
1083.72
4131.14
19662.6
1941.18
-2520.16
2154.4
414.062
-4324.57
2479.28
166.208
4500.28
-3867.96
1459.48
551.257
2275.32
-1026.79
-1576.16
2779.87
903.312
8061.48
3558.73
-1073.07
7402.77
2365.39
328.619
-1271.21
-4098.01
2937.75
936.021
-2727.72
969.604
-1400.71
16357.5
-1271.28
7816.16
-1715.37
-1532.46
-1571.53
-3214.87
-725.728
-2878.52
1629.63
-1424.53
-1339.04
-1900.42
3302.58
-6233.2
-4234.48
4250.33
-1587.36
34.8443
6344.56
229.774
766.579
-2464.53
3394.44
1451.73
2608.04
-1826.93
323.006
-934.639
-2449.94
-2913.94
3664.89
-749.635
-6216.04
-2709.35
10061.3
-258.792
751.858
-3322.9
-997.101
-474.639
-3436.21
-2502.75
3443.33
-5199.26
-7429.78
-822.912
4303.08
3730.56
287.34
6851.54
-1614.73
-1130.87
-727.457
-1032.77
3846.53
-370.634
394.678
-1602.27
2141.13
-1040.87
-221.677
795.104
-1871.9
563.405
1856.68
-3539.66
6403.2
-385.138
2800.24
-1707.82
-353.907
5888.58
188.18
-3156.17
3203.76
2729.52
3205.82
3416.89
187.388
2083.97
-1554.33
-2709.23
-894.922
1800.88
2841.51
-802.581
3026.38
10258.2
1955.64
1128.17
1716.72
-253.572
-571.987
3406.98
-3591.18
-492.383
-3317.48
3836.54
8104.27
19408.1
-204.24
-1107.89
1969.04
-3526.62
8744.03
-1937.82
2241.74
3611.53
-1665.07
-1610.84
4671.14
979.925
-154.693
3469.33
2480.45
2075.78
640.264
4121.67
931.549
964.272
-3158.18
5909.87
2505.16
2679.23
-1302.24
675.002
2166.56
2225.15
-1535.59
17094.9
444.91
-908.34
-625.88
1117.33
2909.62
-2206.52
2331.78
-596.606
-293.297
3289.03
1318.56
2893.5
-2924.46
270.683
6930.85
-1576.57
-3946.14
3316.81
-2783.2
-1153.94
1104.95
379.445
1991.36
-1585.47
1183.33
657.327
1694.12
-384.322
26.4176
-710.19
5451.22
-5822.85
2530.52
-216.156
5673.23
932.113
-409.83
-2844.12
-1902.56
981.683
-1239.93
217.985
3066.9
1042.01
1613.24
-1441.19
356.057
-1342.12
-2991.55
-2560.38
-2678.46
-4013.1
1671.16
-933.984
1713.93
-4953.22
4337.9
-462.07
1332.02
854.383
1202.72
-1679.18
-1410.74
-5401.59
1536.39
4010.43
7242.15
3572.04
2045.84
-2198.66
976.163
1842.72
-3491.32
-373.039
452.163
-1808.06
-483.533
952.464
-2323.62
2396.4
-817.661
-2736.85
-2310.86
3486.06
-1203.37
1125.73
1362.54
3275.81
-2640.85
4613.74
1257.76
-1114.05
-1377.65
3173.13
1683.38
-2311.7
292.139
20783.8
6211.63
227.07
-6587.64
1691.73
2175.21
-3664.36
4782.77
-3176.86
-2104.62
-732.662
-1362.61
18330.4
-3227.37
-4444.82
1013.58
-452.58
2039.03
1951.09
3049.38
2212.71
2474.53
7396.02
2077.7
4035.18
-3209.41
-2280.74
-671.731
456.558
11907.5
-1163.69
2160.82
3020.9
5084.13
1877.04
2750.29
4220.41
2294.41
-1926.9
-2005
4803.44
-3616.91
-4062.04
6017.4
1380.33
-1781.05
6153.17
7067.64
132.965
1339.22
1472.64
4472.61
2370.41
469.443
-2004.09
1108.75
-2206.63
3418.01
-1017.32
253.05
-682.203
-1700.79
4646.68
-1223.07
-2362.89
18530.2
943.958
-436.888
767.1
-2871.3
672.29
-3613.32
2270.61
-3274.95
-326.672
4509.27
1847.12
4984.14
679.412
-1608.95
2510.53
-129.017
-1968.03
-944.912
-2814.83
-295.001
1595.55
3803.85
1201.24
-659.108
-1590.58
-7211.05
379.575
-1433.96
1738.86
-2578.02
2252.65
9464.59
6826.94
-1578.54
-3870.06
-3095.14
725.198
-1488.83
-3273.57
4885.79
-351.512
-1090.8
-1302.86
1810.97
1810.71
-80.4128
563.434
-82.3514
-2358.86
404.108
-1757.14
6503.47
-2650.48
-2207.72
-1790.12
2136.05
2593.33
-4000.26
2476.04
-4604.98
-3041.85
1469.44
2181.46
6588.58
4785.71
1221.33
-4268.39
-7090.32
4510.54
-380.969
-1876.75
-1908.92
5115.75
3601.48
6891.01
4186.83
428.755
203.46
-2503.82
-1925.13
-2573.68
5721.23
1244.1
1249.4
-374.001
-1613.63
3409.53
2461.2
223.035
301.91
-1720.55
635.261
728.569
-901.792
3853.4
2051.98
-806.93
-1722.04
2778.89
1959.78
1362.16
4364.37
-706.89
-462.367
23275.6
1245.25
1329.78
14.6966
-2231.78
3149.27
-3406.88
-1649.39
1094.43
240.519
5067.38
5950.27
1801.24
-3932.77
