3.48679e-016
0.0907794
0.177733
0.260863
0.340167
0.415649
0.487303
0.555134
0.619139
0.67932
0.735677
0.788209
0.836918
0.881528
0.921026
0.955314
0.984389
1.00874
1.03133
1.05263
1.07265
1.09139
1.10885
1.12503
1.13993
1.15358
1.16663
1.17935
1.19174
1.2038
1.21553
1.22693
1.238
1.24874
1.25882
1.26791
1.276
1.2831
1.28953
1.29581
1.30194
1.30792
1.31375
1.31944
1.32498
1.33037
1.33562
1.34071
1.34566
1.35047
1.35511
1.35951
1.36366
1.36756
1.37121
1.3746
1.37774
1.38063
1.38327
1.38565
1.38778
1.38966
1.3913
1.39369
1.39744
1.40256
1.40905
1.41573
1.42146
1.42622
1.43001
1.43285
1.43472
1.43563
1.43558
1.43489
1.43433
1.43394
1.43372
1.43367
1.4338
1.43409
1.43456
1.43529
1.43687
1.4394
1.44288
1.4472
1.45126
1.45479
1.45777
1.4602
1.4621
1.46345
1.46426
1.46452
1.46424
1.46342
1.46205
1.46014
